습도, 온도, 음성, 조도, 자석, 적외선인체감지, R(색깔), G(색깔), B(색깔), 자이로X, 자이로Y, 자이로Z, 가속도X, 가속도Y, 가속도Z, grideye pixels 1~64
11.10, 24.90, 88, 430, 0, 0, 133, 131, 164, -1.64, -0.59, 0.77, 1.04, -0.02, -0.11, 25.00, 25.75, 25.50, 25.25, 26.50, 30.25, 29.50, 29.25, 25.25, 25.25, 24.50, 24.25, 29.25, 30.75, 29.75, 26.75, 24.50, 24.75, 23.25, 24.00, 30.75, 29.25, 28.25, 26.25, 24.50, 25.25, 24.75, 23.50, 29.25, 31.00, 27.00, 25.75, 26.00, 27.00, 26.25, 24.00, 24.75, 23.75, 25.00, 25.75, 27.00, 28.50, 28.25, 24.25, 25.00, 24.75, 25.50, 24.75, 27.75, 29.75, 29.25, 24.00, 25.25, 25.75, 25.50, 26.25, 27.00, 28.25, 28.25, 25.50, 26.25, 26.50, 27.00, 26.75, 
12.00, 24.90, 88, 419, 1, 1, 136, 130, 164, -1.60, -0.50, 0.79, 1.03, -0.02, -0.11, 24.75, 25.25, 25.25, 25.50, 30.25, 29.75, 26.75, 27.75, 24.50, 25.00, 24.25, 24.00, 24.50, 25.00, 24.75, 25.00, 24.50, 24.50, 22.75, 22.25, 22.75, 24.25, 25.25, 25.75, 24.00, 25.50, 24.50, 23.00, 23.50, 23.25, 24.75, 25.00, 26.00, 27.00, 25.75, 23.75, 24.00, 21.75, 24.25, 25.00, 26.50, 28.00, 27.50, 24.25, 24.50, 24.75, 25.25, 24.75, 28.25, 30.00, 30.50, 23.75, 25.00, 25.75, 25.50, 25.50, 26.75, 28.50, 28.00, 25.00, 25.75, 26.25, 27.25, 26.25, 
12.00, 24.90, 88, 394, 0, 1, 130, 131, 165, -1.69, -0.47, 0.76, 1.04, -0.03, -0.11, 25.25, 25.50, 25.25, 26.00, 27.50, 26.25, 25.00, 24.75, 24.25, 25.00, 24.00, 23.50, 23.00, 23.75, 25.00, 25.00, 24.75, 24.50, 22.75, 22.00, 22.25, 24.25, 25.50, 25.25, 24.50, 25.25, 24.50, 23.25, 23.50, 23.00, 24.75, 24.75, 25.50, 27.00, 26.00, 23.50, 23.25, 21.50, 24.50, 24.75, 26.50, 27.75, 27.75, 23.75, 24.25, 24.25, 25.00, 24.50, 27.75, 29.25, 29.75, 24.00, 25.25, 25.25, 25.25, 25.25, 27.25, 28.25, 28.25, 25.25, 25.75, 26.25, 27.00, 26.75, 
12.80, 24.90, 87, 420, 0, 0, 135, 130, 164, -1.76, -0.49, 0.64, 1.04, -0.02, -0.11, 28.00, 27.50, 27.00, 28.00, 27.50, 27.75, 27.25, 28.00, 27.25, 27.25, 27.00, 27.00, 27.25, 26.75, 26.75, 25.75, 27.25, 27.25, 26.50, 26.75, 26.75, 26.00, 25.75, 25.50, 27.00, 27.25, 26.75, 26.00, 24.50, 24.00, 25.00, 25.00, 27.25, 26.50, 26.50, 24.50, 24.25, 21.75, 24.75, 25.50, 27.00, 27.75, 28.00, 24.50, 24.75, 25.25, 25.25, 24.25, 28.75, 29.75, 30.50, 24.25, 26.00, 25.25, 25.25, 25.75, 27.50, 29.00, 28.75, 25.50, 26.50, 26.25, 27.00, 26.50, 
12.80, 24.90, 88, 414, 0, 0, 131, 129, 165, -1.76, -0.60, 0.89, 1.04, -0.03, -0.12, 26.25, 27.75, 27.00, 25.25, 26.00, 24.25, 25.00, 24.75, 25.00, 26.25, 26.00, 23.75, 23.25, 24.00, 24.75, 25.00, 24.75, 24.75, 23.75, 22.50, 22.50, 24.25, 25.50, 25.25, 24.75, 25.50, 24.75, 23.25, 23.50, 23.50, 24.50, 25.25, 25.75, 27.25, 26.00, 23.75, 23.75, 21.50, 24.25, 24.50, 26.75, 28.00, 28.00, 23.50, 24.25, 24.75, 25.00, 24.75, 27.75, 29.50, 30.00, 24.25, 25.25, 25.50, 25.25, 25.75, 27.50, 28.50, 28.25, 25.75, 25.75, 26.25, 27.25, 26.50, 
13.10, 24.90, 88, 407, 0, 0, 135, 131, 164, -1.68, -0.52, 0.62, 1.04, -0.02, -0.11, 26.00, 27.50, 26.25, 26.00, 26.00, 23.75, 24.00, 24.25, 24.50, 25.50, 25.25, 23.75, 23.00, 22.75, 23.75, 24.75, 24.50, 24.25, 22.50, 22.00, 22.00, 24.00, 24.75, 24.50, 24.50, 25.25, 24.25, 22.50, 23.50, 23.00, 24.50, 24.50, 25.25, 26.00, 25.25, 23.50, 23.00, 20.75, 23.75, 24.50, 26.50, 27.75, 27.75, 23.25, 23.50, 24.50, 24.75, 24.25, 27.75, 29.75, 29.25, 23.50, 25.00, 25.25, 24.75, 24.50, 26.75, 28.00, 27.50, 25.25, 25.25, 26.25, 26.50, 26.00, 
13.10, 24.90, 88, 425, 0, 0, 132, 129, 164, -1.68, -0.69, 0.54, 1.04, -0.03, -0.11, 24.50, 26.50, 26.75, 25.75, 25.75, 23.25, 24.00, 23.75, 24.50, 25.25, 24.25, 24.00, 23.00, 23.25, 24.25, 24.25, 24.75, 24.00, 22.75, 22.25, 22.00, 23.75, 24.75, 25.00, 24.50, 25.50, 24.50, 23.00, 23.25, 23.50, 24.50, 24.75, 26.25, 26.50, 25.50, 23.25, 23.00, 21.00, 23.75, 24.75, 26.25, 27.75, 27.75, 23.00, 24.00, 24.25, 24.50, 24.50, 28.25, 29.00, 29.75, 24.25, 24.75, 25.00, 25.25, 25.25, 27.25, 28.25, 28.00, 25.75, 25.75, 26.25, 26.75, 26.00, 
12.70, 24.90, 89, 396, 0, 0, 134, 131, 164, -1.92, -0.49, 0.71, 1.04, -0.02, -0.11, 25.00, 26.25, 27.50, 29.25, 31.00, 30.25, 28.50, 28.25, 25.25, 26.00, 28.50, 31.00, 31.00, 29.75, 26.75, 26.50, 24.50, 25.00, 26.75, 30.25, 29.00, 25.50, 26.00, 25.50, 24.50, 26.25, 26.50, 26.75, 24.50, 23.50, 25.00, 25.25, 26.00, 27.50, 26.00, 24.25, 23.75, 21.75, 24.50, 24.75, 26.75, 27.75, 27.75, 24.00, 24.00, 24.50, 25.25, 24.00, 28.00, 29.50, 30.00, 24.00, 25.00, 25.75, 25.25, 25.50, 26.75, 28.50, 28.00, 25.50, 26.25, 26.50, 27.00, 26.25, 
12.70, 24.90, 89, 437, 0, 1, 134, 129, 164, -1.64, -0.38, 0.76, 1.04, -0.03, -0.11, 25.25, 25.75, 25.50, 25.50, 28.00, 32.00, 30.25, 27.00, 24.75, 25.25, 24.75, 24.50, 31.00, 31.50, 28.75, 27.25, 24.50, 24.75, 23.25, 24.50, 29.50, 29.00, 27.75, 27.75, 24.50, 25.75, 25.25, 28.00, 29.50, 30.50, 27.50, 26.25, 25.75, 27.00, 26.25, 27.00, 29.75, 28.25, 25.75, 25.25, 27.00, 28.00, 27.75, 25.00, 26.00, 25.50, 25.50, 25.25, 28.00, 29.75, 30.00, 24.75, 25.50, 26.00, 25.25, 26.00, 27.75, 28.25, 28.00, 25.00, 26.00, 26.50, 27.25, 27.00, 
12.30, 24.90, 88, 417, 0, 0, 133, 130, 164, -1.50, -0.75, 0.86, 1.04, -0.02, -0.11, 24.25, 26.00, 25.50, 25.00, 26.50, 30.75, 30.25, 29.75, 24.25, 25.25, 24.00, 24.50, 29.00, 31.25, 29.75, 27.00, 24.25, 24.00, 22.50, 23.50, 28.75, 29.25, 28.75, 28.00, 24.50, 25.50, 24.50, 23.75, 27.00, 30.50, 27.75, 27.25, 25.50, 26.75, 26.25, 27.75, 28.25, 29.50, 29.00, 27.75, 26.75, 28.50, 28.25, 29.25, 29.75, 30.75, 26.75, 25.25, 27.25, 30.00, 30.50, 27.00, 28.25, 27.25, 26.25, 25.50, 27.00, 28.50, 28.50, 25.75, 26.75, 26.75, 26.75, 26.50, 
12.30, 24.90, 88, 464, 0, 0, 134, 130, 165, -1.73, -0.71, 0.69, 1.04, -0.02, -0.12, 25.00, 25.75, 25.50, 25.25, 26.25, 30.25, 30.25, 29.25, 24.75, 25.50, 24.25, 24.50, 27.50, 31.50, 29.75, 27.00, 24.25, 24.75, 23.25, 23.25, 29.50, 29.50, 29.50, 28.00, 24.50, 26.00, 25.00, 24.25, 28.50, 31.00, 28.00, 27.50, 26.00, 27.25, 26.75, 27.25, 28.75, 30.00, 29.00, 27.75, 26.50, 28.25, 29.00, 31.00, 29.25, 31.00, 27.50, 26.25, 28.50, 29.50, 30.75, 28.00, 29.25, 27.75, 26.00, 26.25, 26.50, 29.00, 28.25, 26.00, 26.75, 27.25, 27.25, 27.00, 
12.00, 24.90, 88, 417, 0, 0, 132, 130, 165, -1.55, -0.47, 0.73, 1.04, -0.03, -0.12, 25.00, 25.50, 25.50, 25.25, 26.00, 29.75, 29.75, 30.00, 25.00, 25.25, 25.00, 24.50, 26.75, 31.25, 30.50, 28.00, 25.00, 24.75, 23.75, 23.25, 29.00, 29.00, 29.25, 28.50, 24.50, 25.75, 24.75, 24.25, 28.50, 31.25, 28.50, 28.00, 26.25, 27.25, 26.75, 28.00, 29.50, 30.50, 29.50, 28.25, 27.00, 28.50, 28.75, 31.00, 30.00, 30.75, 27.00, 26.00, 28.25, 30.00, 30.50, 27.75, 28.75, 27.25, 26.25, 26.25, 27.00, 28.75, 28.50, 26.25, 27.00, 27.25, 27.25, 26.50, 
12.00, 24.90, 88, 461, 0, 0, 135, 130, 164, -1.41, -0.82, 0.26, 1.03, -0.02, -0.10, 25.25, 25.25, 25.50, 25.25, 26.25, 29.50, 29.75, 29.50, 24.50, 25.25, 24.50, 24.00, 26.75, 31.00, 29.75, 27.00, 24.50, 24.50, 23.00, 23.25, 29.00, 29.25, 29.00, 28.25, 24.25, 25.25, 24.75, 24.00, 28.25, 30.50, 28.00, 27.25, 26.00, 27.00, 27.00, 27.75, 29.25, 30.25, 29.00, 27.25, 26.50, 27.75, 29.00, 30.25, 29.75, 30.00, 26.75, 25.50, 27.50, 29.75, 30.50, 27.75, 28.25, 27.25, 26.00, 25.75, 26.75, 28.75, 29.00, 26.00, 27.00, 27.50, 27.25, 26.75, 
11.90, 24.90, 88, 422, 0, 1, 132, 130, 164, -1.50, -0.66, 0.82, 1.04, -0.03, -0.12, 25.25, 25.75, 25.50, 25.50, 26.50, 29.75, 30.00, 30.00, 25.50, 25.50, 24.75, 24.50, 28.00, 31.75, 30.50, 27.25, 24.50, 24.75, 23.75, 23.75, 29.75, 29.75, 29.50, 28.50, 24.75, 25.75, 24.75, 24.50, 29.00, 31.25, 28.00, 28.00, 26.25, 27.00, 27.00, 28.25, 29.75, 30.25, 29.00, 27.50, 26.50, 28.50, 29.00, 31.00, 29.75, 30.75, 27.25, 26.00, 28.00, 30.50, 30.75, 28.25, 29.50, 27.50, 26.50, 26.50, 27.25, 28.75, 28.75, 26.75, 27.00, 27.00, 27.00, 27.00, 
11.90, 24.90, 88, 468, 0, 1, 135, 130, 164, -1.73, -0.55, 0.57, 1.04, -0.03, -0.11, 25.00, 25.50, 25.50, 25.50, 26.25, 30.00, 30.00, 29.75, 25.00, 25.25, 25.00, 25.00, 28.00, 31.75, 30.25, 27.00, 25.00, 25.00, 23.50, 24.25, 30.75, 29.75, 29.50, 28.75, 25.00, 26.00, 25.25, 24.75, 29.75, 31.50, 28.50, 28.00, 26.25, 27.25, 27.50, 28.50, 30.00, 30.75, 29.50, 28.25, 27.25, 28.75, 29.00, 31.50, 30.00, 30.75, 27.50, 26.00, 28.50, 30.00, 30.25, 29.00, 29.50, 28.00, 26.50, 26.25, 27.00, 29.00, 29.00, 27.00, 27.75, 27.00, 27.25, 26.50, 
11.50, 24.90, 89, 427, 0, 0, 132, 130, 164, -1.64, -0.60, 0.87, 1.04, -0.02, -0.11, 25.00, 26.00, 25.50, 25.00, 26.25, 29.50, 29.25, 29.75, 25.00, 25.50, 24.25, 24.75, 27.50, 31.50, 30.25, 27.00, 24.50, 24.75, 23.25, 24.00, 29.75, 29.75, 29.50, 28.00, 24.25, 25.75, 25.00, 24.75, 30.00, 31.25, 28.00, 27.75, 26.00, 27.00, 27.25, 28.50, 29.50, 30.25, 28.75, 27.75, 26.75, 28.75, 29.25, 31.75, 30.00, 30.25, 27.00, 25.50, 28.00, 30.25, 30.75, 28.75, 29.00, 27.50, 25.75, 26.25, 27.25, 29.00, 28.50, 26.50, 27.00, 27.50, 27.50, 27.25, 
11.50, 24.90, 88, 469, 0, 0, 135, 129, 164, -1.40, -0.47, 1.10, 1.04, -0.03, -0.12, 25.50, 26.25, 25.75, 25.50, 26.75, 30.00, 30.25, 29.75, 25.00, 26.00, 25.00, 24.25, 28.25, 31.50, 30.00, 27.50, 25.25, 25.00, 23.50, 24.00, 30.25, 30.25, 29.50, 28.25, 25.00, 25.75, 25.25, 25.00, 30.50, 31.25, 28.25, 28.00, 26.25, 27.00, 27.50, 28.75, 30.00, 30.50, 29.50, 28.25, 27.00, 28.75, 29.75, 31.75, 30.50, 30.25, 27.25, 25.75, 29.00, 30.25, 30.25, 29.25, 29.25, 27.50, 26.50, 26.75, 27.00, 29.00, 28.50, 26.50, 27.25, 27.50, 27.25, 27.00, 
11.20, 24.90, 88, 427, 0, 0, 132, 131, 164, -1.69, -0.48, 0.89, 1.04, -0.02, -0.12, 25.25, 25.75, 26.00, 25.50, 27.50, 30.25, 30.00, 30.25, 24.75, 25.75, 24.75, 24.50, 28.75, 31.75, 30.25, 27.50, 25.00, 25.00, 23.75, 24.25, 30.75, 30.00, 29.50, 28.50, 25.00, 25.50, 25.50, 25.00, 30.50, 31.25, 28.50, 28.00, 25.75, 27.75, 28.00, 28.75, 29.75, 31.25, 28.75, 28.50, 27.00, 29.00, 29.50, 31.50, 30.25, 30.75, 27.00, 26.00, 28.00, 30.25, 30.25, 29.25, 29.00, 27.75, 26.50, 26.50, 27.50, 28.75, 28.75, 27.00, 27.50, 27.25, 28.25, 27.00, 
11.20, 24.90, 88, 467, 0, 0, 135, 130, 165, -1.59, -0.66, 0.57, 1.04, -0.02, -0.12, 25.25, 25.75, 25.50, 25.25, 27.00, 30.25, 30.00, 29.75, 25.00, 25.75, 24.75, 24.50, 28.00, 31.50, 30.50, 27.25, 24.50, 24.75, 23.50, 24.00, 30.00, 30.00, 29.00, 28.50, 25.00, 25.75, 25.00, 25.25, 30.00, 31.50, 28.25, 27.50, 25.75, 27.50, 27.75, 29.00, 30.00, 30.75, 29.25, 27.75, 27.00, 28.75, 29.50, 31.25, 30.00, 30.25, 26.75, 25.75, 28.00, 30.00, 30.50, 28.50, 28.75, 27.00, 26.25, 26.75, 27.25, 28.50, 28.25, 26.00, 27.25, 27.25, 27.00, 26.75, 
11.00, 24.90, 88, 428, 0, 0, 132, 130, 164, -1.75, -0.56, 0.82, 1.04, -0.03, -0.12, 24.75, 26.25, 25.50, 25.25, 27.00, 30.00, 29.50, 29.25, 25.00, 25.75, 24.50, 24.50, 28.50, 31.75, 30.25, 27.75, 24.50, 25.00, 23.50, 24.00, 30.00, 29.75, 29.25, 28.25, 24.25, 26.25, 24.75, 24.50, 30.50, 31.50, 28.25, 28.00, 26.25, 27.25, 27.25, 28.50, 29.50, 30.75, 29.00, 28.00, 27.00, 28.75, 29.25, 31.50, 30.00, 30.75, 27.75, 26.50, 28.50, 29.75, 29.75, 29.75, 29.50, 27.75, 26.25, 26.50, 27.25, 29.00, 28.50, 27.25, 27.50, 27.50, 27.50, 27.50, 
11.00, 24.90, 88, 469, 0, 1, 135, 130, 164, -1.62, -0.69, 0.69, 1.04, -0.02, -0.11, 24.50, 26.25, 25.50, 25.25, 27.00, 30.00, 29.75, 30.25, 24.50, 25.50, 24.25, 24.75, 29.00, 31.50, 30.00, 27.25, 24.50, 25.00, 23.25, 24.00, 30.50, 29.75, 28.75, 28.50, 24.50, 25.75, 24.75, 24.75, 30.50, 31.50, 28.25, 27.75, 26.25, 27.00, 27.00, 28.25, 29.75, 30.75, 28.75, 27.75, 27.00, 28.25, 29.75, 31.25, 30.00, 31.00, 27.00, 25.75, 28.50, 30.00, 30.00, 29.50, 29.75, 27.50, 26.25, 26.75, 27.25, 28.75, 28.75, 27.25, 27.50, 27.00, 27.00, 27.00, 
10.80, 24.90, 89, 431, 0, 1, 131, 130, 164, -1.70, -0.66, 0.79, 1.05, -0.03, -0.10, 25.50, 25.75, 26.25, 25.50, 26.75, 30.25, 30.25, 29.75, 25.25, 25.50, 25.00, 24.75, 29.00, 31.75, 30.50, 27.25, 25.25, 25.00, 23.50, 23.75, 30.75, 29.75, 29.00, 28.25, 24.75, 25.75, 25.00, 24.50, 30.00, 31.25, 28.25, 27.50, 26.25, 27.50, 27.75, 28.25, 29.75, 31.00, 29.00, 28.00, 26.75, 28.25, 29.25, 31.25, 30.00, 30.50, 27.25, 25.75, 28.25, 30.00, 30.00, 29.50, 29.50, 27.75, 26.75, 26.25, 27.25, 28.75, 28.50, 26.50, 27.75, 27.75, 27.75, 27.50, 
10.80, 24.90, 88, 465, 0, 0, 136, 130, 164, -1.77, -0.76, 1.02, 1.04, -0.03, -0.13, 24.50, 25.50, 25.50, 25.50, 26.50, 30.00, 30.25, 29.25, 24.75, 25.50, 24.75, 24.25, 28.25, 31.75, 29.75, 27.00, 24.25, 24.75, 23.25, 23.75, 30.50, 29.50, 28.50, 28.00, 24.25, 25.75, 24.75, 24.75, 29.75, 31.00, 28.25, 27.25, 26.00, 27.50, 27.00, 28.00, 29.75, 30.75, 28.75, 28.25, 26.75, 28.25, 29.25, 31.25, 30.00, 30.50, 26.75, 26.00, 28.25, 30.00, 30.00, 28.75, 28.50, 27.25, 26.25, 26.50, 27.25, 28.25, 28.25, 26.50, 27.00, 27.25, 27.50, 26.50, 
10.60, 24.90, 88, 437, 0, 0, 131, 131, 165, -1.79, -0.76, 0.68, 1.04, -0.03, -0.12, 24.75, 26.25, 25.50, 25.75, 26.75, 30.00, 30.00, 30.25, 24.25, 25.50, 24.75, 24.50, 28.75, 31.75, 30.00, 27.25, 24.75, 24.75, 23.50, 24.00, 30.00, 30.00, 29.00, 27.75, 24.25, 25.50, 25.00, 24.75, 29.75, 31.00, 28.50, 28.00, 26.25, 27.00, 27.25, 28.25, 29.25, 30.50, 29.00, 27.75, 26.75, 28.50, 29.00, 31.25, 30.25, 30.25, 26.75, 25.50, 28.25, 29.75, 29.50, 29.25, 29.25, 27.50, 25.75, 26.25, 27.00, 29.00, 28.25, 26.50, 27.00, 27.00, 26.75, 27.50, 
10.60, 24.90, 88, 457, 0, 0, 135, 130, 164, -1.84, -0.95, 0.65, 1.04, -0.03, -0.11, 25.50, 25.50, 25.25, 25.50, 26.50, 30.25, 30.25, 29.75, 24.25, 25.00, 24.50, 24.00, 28.25, 31.75, 29.75, 27.50, 24.75, 24.75, 23.50, 23.50, 29.50, 29.00, 28.50, 28.00, 24.25, 25.75, 24.50, 24.50, 29.25, 31.00, 28.50, 27.50, 26.25, 27.00, 27.25, 28.50, 29.75, 30.50, 28.75, 27.50, 26.50, 28.50, 29.00, 31.25, 29.75, 30.50, 27.00, 26.25, 28.00, 30.00, 29.75, 28.75, 29.00, 27.50, 26.00, 26.25, 27.25, 28.50, 28.75, 26.25, 27.00, 27.00, 27.00, 26.50, 
10.40, 24.90, 88, 451, 0, 0, 132, 129, 165, -1.77, -0.69, 0.60, 1.03, -0.02, -0.11, 24.75, 25.25, 25.00, 25.25, 26.50, 30.50, 29.75, 29.75, 24.75, 24.75, 24.50, 24.00, 28.25, 31.50, 29.75, 27.25, 24.50, 24.50, 23.50, 23.50, 30.00, 29.00, 28.75, 27.75, 24.50, 25.50, 25.00, 24.50, 29.75, 31.00, 28.25, 27.75, 25.25, 27.50, 27.75, 28.25, 29.50, 30.50, 28.50, 28.00, 26.50, 28.50, 29.25, 31.25, 29.75, 30.50, 26.75, 25.50, 28.00, 29.75, 29.75, 28.75, 29.00, 27.00, 26.25, 26.25, 27.00, 28.50, 28.25, 26.50, 27.00, 26.75, 27.00, 26.75, 
10.40, 24.90, 88, 446, 0, 1, 135, 130, 164, -1.65, -0.61, 0.83, 1.05, -0.02, -0.11, 24.75, 25.75, 25.75, 25.25, 26.75, 30.25, 30.00, 29.50, 25.00, 25.25, 25.25, 24.25, 28.25, 31.25, 30.00, 26.50, 24.50, 25.25, 23.00, 24.00, 30.25, 29.50, 29.00, 27.50, 24.75, 25.75, 25.00, 25.00, 29.00, 31.00, 28.50, 27.50, 26.25, 27.50, 27.50, 28.00, 30.00, 30.50, 29.00, 28.00, 26.75, 28.25, 29.75, 31.00, 29.75, 30.75, 27.25, 25.75, 28.50, 30.25, 30.00, 29.25, 29.50, 27.25, 26.25, 26.25, 28.00, 29.50, 28.25, 27.00, 27.50, 27.00, 27.25, 27.00, 
10.20, 24.90, 89, 462, 0, 1, 131, 130, 165, -1.68, -0.63, 0.66, 1.04, -0.03, -0.11, 25.00, 26.25, 25.25, 25.25, 26.75, 29.75, 29.50, 29.75, 25.00, 25.25, 24.50, 24.25, 28.25, 31.25, 29.75, 27.00, 24.75, 24.75, 23.25, 23.75, 30.25, 30.00, 28.75, 28.00, 24.50, 25.75, 25.25, 24.50, 29.00, 31.25, 28.50, 27.75, 26.00, 26.75, 27.00, 28.75, 28.25, 30.25, 28.75, 28.50, 26.50, 28.00, 29.25, 30.50, 29.75, 30.50, 28.25, 26.25, 28.25, 30.50, 30.50, 30.50, 30.75, 29.50, 26.50, 26.50, 27.00, 28.75, 28.50, 27.75, 28.50, 27.75, 27.50, 26.50, 
10.20, 24.90, 88, 464, 0, 0, 134, 131, 164, -1.67, -0.67, 0.66, 1.04, -0.02, -0.11, 25.00, 25.50, 25.25, 25.50, 27.25, 29.50, 29.75, 29.25, 24.75, 25.25, 24.25, 24.00, 27.50, 31.25, 29.50, 26.50, 24.25, 24.75, 23.50, 23.25, 30.25, 29.75, 28.25, 28.00, 24.25, 25.25, 25.75, 25.25, 29.50, 30.25, 28.00, 27.25, 26.25, 27.25, 28.75, 28.75, 28.25, 30.00, 28.25, 27.75, 26.50, 28.00, 30.25, 30.25, 29.50, 30.75, 27.00, 26.00, 28.25, 30.00, 29.75, 31.25, 30.00, 28.00, 26.25, 26.00, 27.50, 28.75, 28.75, 28.75, 28.50, 27.50, 27.00, 27.00, 
10.00, 24.90, 88, 468, 0, 0, 133, 129, 164, -1.55, -0.83, 0.76, 1.04, -0.02, -0.10, 25.25, 26.00, 25.75, 25.50, 27.00, 30.50, 29.50, 29.75, 25.00, 25.75, 24.50, 24.25, 27.25, 31.00, 29.75, 27.25, 25.00, 25.00, 23.50, 23.75, 29.25, 29.50, 29.25, 28.00, 24.50, 25.75, 25.75, 27.25, 28.25, 30.75, 28.50, 28.00, 25.75, 27.25, 27.75, 30.00, 29.00, 30.75, 28.75, 28.00, 26.50, 28.25, 30.00, 31.25, 29.75, 30.75, 27.50, 25.75, 28.25, 30.50, 30.50, 29.75, 29.50, 27.75, 26.25, 26.25, 27.00, 29.25, 28.25, 26.25, 27.50, 26.75, 27.75, 26.75, 
10.00, 24.90, 89, 427, 0, 0, 134, 130, 164, -1.67, -0.69, 0.76, 1.05, -0.03, -0.11, 25.00, 26.00, 25.50, 25.25, 27.00, 29.75, 29.50, 30.00, 25.00, 25.25, 24.50, 24.00, 27.50, 31.25, 29.75, 26.75, 24.75, 24.75, 24.00, 23.75, 29.50, 29.25, 28.75, 27.75, 24.50, 25.50, 25.25, 26.75, 28.00, 30.75, 28.50, 27.75, 26.25, 27.25, 27.00, 29.50, 29.00, 30.50, 28.50, 28.25, 27.00, 28.50, 29.00, 30.75, 29.75, 30.50, 27.25, 26.00, 28.00, 30.25, 31.00, 28.50, 29.50, 27.50, 26.25, 26.00, 27.00, 28.75, 28.50, 26.25, 27.25, 27.75, 27.25, 26.25, 
9.80, 24.90, 88, 470, 1, 0, 134, 130, 164, -1.71, -0.50, 0.67, 1.04, -0.02, -0.11, 25.25, 25.50, 25.50, 25.50, 26.75, 29.75, 29.75, 30.00, 24.75, 25.25, 24.25, 24.50, 28.75, 31.50, 29.75, 27.00, 24.50, 24.50, 23.50, 23.75, 30.25, 29.50, 29.00, 27.75, 24.50, 25.50, 25.50, 27.50, 28.50, 30.75, 28.50, 27.50, 26.50, 26.75, 27.25, 29.25, 29.50, 30.50, 28.75, 28.25, 26.75, 28.50, 29.25, 31.00, 29.75, 30.50, 27.25, 25.75, 28.25, 29.75, 30.75, 29.00, 30.00, 27.75, 26.50, 26.25, 27.25, 29.00, 28.50, 26.75, 27.25, 27.00, 27.25, 26.75, 
9.80, 24.90, 88, 448, 1, 0, 131, 129, 165, -1.91, -0.65, 0.84, 1.04, -0.03, -0.12, 25.00, 25.50, 25.25, 25.50, 26.75, 30.00, 29.25, 29.50, 24.75, 25.00, 24.75, 24.50, 28.25, 31.00, 29.50, 26.75, 24.75, 24.50, 23.50, 24.00, 30.25, 29.75, 28.75, 28.00, 24.50, 25.75, 25.25, 27.75, 28.00, 30.25, 28.00, 27.50, 25.75, 27.00, 27.00, 29.50, 29.00, 30.50, 29.00, 28.00, 26.75, 28.25, 29.50, 30.75, 30.25, 30.25, 27.00, 25.75, 28.00, 30.50, 31.00, 29.00, 29.50, 27.75, 26.00, 26.00, 27.25, 29.00, 28.75, 26.25, 27.25, 26.75, 27.00, 27.00, 
9.70, 24.90, 88, 435, 1, 1, 133, 130, 164, -1.73, -0.82, 0.83, 1.04, -0.03, -0.11, 24.75, 25.75, 25.75, 25.25, 27.25, 30.25, 29.25, 29.75, 24.50, 24.75, 24.50, 24.50, 28.75, 31.25, 29.25, 26.75, 24.75, 24.75, 23.50, 24.25, 31.00, 29.75, 28.75, 27.75, 24.25, 25.75, 25.00, 27.50, 28.25, 30.50, 28.25, 27.50, 26.00, 27.00, 27.75, 30.00, 29.50, 30.50, 28.50, 28.00, 26.75, 28.50, 29.75, 31.50, 30.00, 30.50, 26.75, 25.75, 28.75, 30.00, 30.25, 29.25, 29.75, 27.25, 26.50, 26.00, 27.75, 28.50, 28.75, 26.75, 27.50, 27.25, 27.50, 27.00, 
9.70, 24.90, 88, 469, 1, 1, 136, 129, 164, -1.67, -0.47, 0.83, 1.04, -0.02, -0.11, 24.75, 26.00, 25.75, 25.50, 27.00, 30.00, 30.00, 29.75, 24.50, 25.25, 24.75, 24.25, 28.50, 31.25, 29.50, 26.75, 24.50, 24.75, 23.50, 24.00, 30.50, 29.75, 28.50, 28.00, 24.25, 26.00, 25.50, 27.50, 28.25, 30.50, 28.50, 28.00, 25.75, 26.75, 27.75, 29.25, 29.25, 30.25, 28.75, 28.00, 26.50, 28.50, 29.50, 31.00, 30.00, 30.25, 26.50, 25.75, 28.25, 30.25, 30.50, 29.75, 29.50, 27.25, 26.25, 26.00, 27.50, 28.50, 28.50, 26.50, 27.25, 27.00, 27.50, 26.50, 
9.50, 24.90, 88, 449, 1, 0, 130, 131, 164, -1.79, -0.72, 0.71, 1.04, -0.03, -0.10, 24.75, 25.50, 25.25, 25.25, 26.75, 29.75, 29.00, 29.50, 24.25, 25.00, 24.75, 24.25, 28.75, 31.25, 29.50, 26.50, 24.50, 25.00, 23.50, 24.50, 30.00, 29.25, 28.75, 28.00, 24.50, 25.50, 25.25, 27.25, 28.25, 30.50, 27.75, 27.50, 25.75, 27.00, 27.50, 29.50, 29.25, 30.00, 28.25, 27.75, 26.00, 28.50, 30.00, 31.25, 29.50, 30.00, 26.75, 25.50, 27.75, 29.50, 30.25, 29.75, 29.50, 27.25, 25.25, 25.50, 26.75, 28.50, 28.25, 26.50, 27.50, 26.50, 27.00, 26.75, 
9.50, 24.90, 88, 432, 0, 0, 134, 130, 164, -1.70, -0.79, 0.66, 1.05, -0.03, -0.12, 25.25, 25.75, 25.50, 25.50, 26.75, 30.00, 29.75, 29.75, 25.00, 25.25, 24.75, 24.50, 29.50, 31.50, 29.75, 27.00, 24.75, 24.75, 23.75, 24.75, 30.75, 29.50, 29.00, 27.50, 24.50, 25.75, 25.25, 27.25, 28.25, 30.00, 28.75, 28.00, 26.25, 27.25, 27.50, 29.50, 29.75, 30.50, 29.00, 27.75, 26.75, 28.50, 29.75, 31.00, 30.00, 30.50, 27.50, 25.75, 28.25, 30.25, 30.75, 30.00, 30.00, 27.75, 26.50, 26.25, 27.00, 28.75, 29.00, 27.25, 28.00, 27.50, 27.25, 26.50, 
9.40, 24.90, 88, 469, 1, 0, 135, 130, 164, -1.63, -0.77, 0.66, 1.04, -0.03, -0.11, 25.25, 26.25, 25.75, 25.25, 26.75, 30.50, 30.00, 29.50, 25.00, 25.00, 24.25, 24.50, 28.50, 31.00, 30.25, 26.75, 24.50, 24.75, 23.25, 24.25, 30.25, 29.50, 28.75, 27.75, 24.25, 26.00, 25.25, 27.25, 28.00, 30.25, 28.00, 27.25, 26.25, 27.25, 27.25, 29.50, 29.75, 30.25, 29.00, 27.75, 26.50, 28.00, 29.50, 30.75, 29.75, 30.75, 26.75, 25.75, 28.00, 30.00, 30.75, 29.25, 29.75, 27.50, 26.00, 26.00, 26.75, 29.25, 28.50, 26.50, 27.00, 26.75, 26.75, 27.25, 
9.40, 24.90, 89, 442, 1, 0, 132, 130, 165, -1.77, -0.61, 0.53, 1.05, -0.03, -0.11, 25.00, 25.50, 25.50, 25.25, 26.50, 30.00, 29.50, 29.75, 25.00, 25.50, 24.50, 24.25, 28.50, 31.50, 29.50, 27.00, 24.50, 24.75, 23.75, 24.00, 30.25, 29.50, 29.00, 28.00, 24.50, 25.75, 25.00, 27.75, 28.00, 29.75, 28.00, 27.00, 26.00, 27.50, 27.25, 30.00, 29.50, 30.25, 29.25, 28.00, 26.75, 28.75, 29.25, 31.25, 30.00, 30.25, 26.75, 25.00, 28.75, 30.00, 30.50, 29.00, 29.50, 27.25, 25.75, 25.75, 27.25, 29.25, 28.50, 27.00, 27.25, 27.00, 27.25, 26.75, 
9.20, 24.90, 88, 446, 1, 1, 134, 131, 164, -1.79, -0.50, 0.71, 1.04, -0.03, -0.12, 25.00, 25.50, 25.50, 25.50, 26.75, 30.75, 29.75, 29.75, 24.75, 25.50, 24.75, 24.25, 29.00, 31.25, 29.75, 27.00, 24.50, 25.00, 23.50, 24.75, 30.50, 29.50, 28.75, 28.00, 24.75, 26.00, 25.50, 27.25, 28.50, 30.00, 28.50, 28.00, 26.00, 27.25, 27.25, 29.75, 30.25, 30.75, 29.00, 28.25, 27.00, 28.75, 29.25, 31.25, 30.25, 30.75, 27.00, 25.50, 28.50, 30.00, 30.75, 29.00, 30.00, 27.75, 26.50, 26.50, 27.25, 28.75, 28.75, 27.00, 27.75, 27.75, 26.75, 26.50, 
9.20, 24.90, 87, 468, 1, 1, 132, 130, 164, -1.73, -0.68, 0.92, 1.04, -0.03, -0.11, 25.00, 26.50, 26.25, 25.50, 27.00, 30.25, 30.00, 30.00, 24.75, 25.50, 25.00, 24.75, 28.75, 31.25, 29.75, 27.00, 24.50, 25.00, 23.75, 24.50, 30.25, 29.75, 28.75, 28.25, 24.75, 26.00, 25.50, 27.75, 28.25, 30.75, 28.50, 27.75, 27.00, 27.50, 27.75, 30.00, 29.75, 30.50, 28.50, 28.50, 27.00, 28.50, 29.50, 31.25, 30.00, 30.50, 26.75, 25.75, 29.00, 30.00, 31.00, 29.25, 29.75, 27.25, 26.25, 26.25, 26.75, 29.00, 28.50, 26.75, 27.50, 26.75, 28.00, 28.00, 
9.10, 24.80, 89, 426, 1, 0, 133, 130, 164, -1.72, -0.73, 0.67, 1.05, -0.03, -0.12, 24.75, 25.75, 25.50, 25.50, 26.50, 30.25, 30.00, 29.75, 25.00, 25.25, 24.75, 24.75, 29.25, 31.75, 30.00, 26.25, 25.00, 24.75, 23.75, 24.25, 30.25, 29.50, 28.75, 27.75, 24.25, 25.75, 25.50, 27.00, 28.25, 30.00, 28.00, 27.50, 26.25, 27.25, 27.25, 30.00, 30.00, 30.25, 29.00, 28.00, 26.25, 28.75, 29.50, 31.25, 30.00, 30.25, 27.00, 26.00, 28.25, 30.25, 31.00, 29.25, 29.50, 27.50, 26.00, 25.50, 27.00, 28.75, 28.75, 26.25, 27.25, 26.75, 26.75, 27.25, 
9.10, 24.80, 89, 466, 0, 0, 136, 130, 164, -1.67, -0.65, 0.62, 1.04, -0.03, -0.11, 25.25, 26.00, 26.00, 25.25, 26.50, 30.25, 29.75, 29.75, 25.00, 25.25, 24.75, 24.50, 28.75, 31.50, 30.00, 26.75, 24.50, 24.75, 23.25, 24.50, 30.00, 29.50, 28.75, 28.25, 24.75, 25.75, 25.00, 27.50, 28.00, 30.25, 28.00, 27.50, 26.00, 27.50, 27.25, 30.00, 29.50, 30.25, 29.25, 28.25, 26.50, 28.75, 29.00, 31.00, 29.75, 30.50, 27.25, 26.25, 28.75, 29.50, 30.50, 28.75, 29.75, 27.50, 26.50, 25.75, 27.00, 28.25, 28.75, 26.75, 27.00, 26.75, 27.25, 27.00, 
9.00, 24.80, 88, 445, 1, 0, 131, 130, 164, -1.57, -0.56, 0.95, 1.04, -0.03, -0.11, 25.25, 25.50, 25.25, 25.50, 26.75, 30.25, 29.50, 30.00, 24.00, 24.75, 24.50, 24.00, 28.25, 31.25, 30.00, 26.75, 24.75, 24.75, 23.25, 24.25, 30.25, 29.50, 28.75, 27.50, 24.75, 25.50, 25.25, 27.25, 27.75, 29.75, 28.00, 27.50, 26.00, 27.00, 27.25, 29.75, 29.75, 30.50, 28.75, 27.50, 26.50, 28.50, 29.25, 31.25, 29.75, 30.25, 27.25, 25.25, 28.25, 29.75, 30.50, 28.50, 29.00, 27.25, 25.50, 26.25, 27.00, 28.75, 28.25, 25.75, 27.00, 28.25, 27.25, 27.25, 
9.00, 24.80, 88, 444, 0, 0, 135, 129, 164, -1.44, -0.69, 0.89, 1.04, -0.03, -0.11, 24.75, 25.75, 25.50, 25.50, 26.50, 30.00, 29.50, 30.25, 24.50, 24.75, 24.50, 24.25, 27.50, 31.25, 29.50, 27.25, 24.75, 24.75, 23.00, 24.00, 29.50, 29.50, 28.50, 28.25, 24.50, 25.25, 25.00, 27.00, 27.75, 29.75, 27.75, 27.75, 26.00, 26.75, 27.25, 29.50, 29.75, 30.50, 29.00, 28.00, 26.75, 28.50, 29.25, 31.25, 29.50, 30.25, 27.00, 25.75, 28.00, 29.75, 30.25, 28.75, 29.25, 27.25, 25.75, 26.00, 27.00, 28.50, 28.25, 26.50, 27.25, 26.75, 27.00, 26.75, 
8.90, 24.80, 88, 468, 1, 0, 133, 129, 164, -1.67, -0.53, 0.89, 1.05, -0.03, -0.12, 25.00, 25.50, 25.75, 25.25, 26.00, 30.00, 30.00, 29.25, 24.25, 25.50, 24.25, 24.25, 28.25, 31.25, 29.75, 27.00, 24.75, 25.00, 23.50, 24.00, 30.50, 29.00, 29.00, 27.75, 24.50, 25.50, 25.50, 27.25, 27.75, 29.75, 28.25, 27.75, 25.75, 27.00, 27.00, 30.00, 29.25, 30.00, 28.75, 27.75, 26.00, 29.00, 29.25, 30.50, 29.75, 30.50, 26.50, 25.75, 28.25, 29.50, 30.50, 28.75, 29.75, 27.00, 25.50, 25.75, 26.75, 28.50, 28.25, 26.25, 26.75, 27.25, 26.75, 26.25, 
8.90, 24.80, 88, 430, 1, 1, 132, 131, 165, -1.74, -0.47, 0.73, 1.04, -0.03, -0.11, 24.75, 26.00, 25.25, 25.00, 26.25, 30.25, 30.00, 29.50, 24.75, 25.25, 24.50, 24.00, 28.00, 31.25, 30.50, 27.00, 24.75, 24.75, 23.25, 24.00, 30.00, 29.50, 29.25, 27.25, 24.75, 25.50, 25.50, 27.25, 28.00, 29.75, 28.75, 27.75, 25.75, 27.25, 26.75, 29.50, 29.75, 30.50, 29.00, 28.25, 26.75, 28.75, 29.00, 30.75, 30.50, 30.25, 27.25, 25.75, 28.00, 30.00, 30.75, 28.25, 29.25, 27.25, 26.00, 25.50, 27.00, 28.50, 28.25, 26.50, 27.00, 26.75, 27.25, 26.75, 
8.80, 24.80, 88, 452, 1, 0, 135, 130, 163, -1.83, -0.63, 0.67, 1.04, -0.02, -0.12, 25.25, 26.00, 25.50, 25.50, 25.75, 29.75, 30.00, 30.00, 25.25, 25.25, 24.75, 24.50, 27.50, 31.00, 30.25, 27.00, 24.75, 25.25, 23.75, 23.75, 29.75, 29.75, 28.75, 28.25, 24.75, 26.00, 25.25, 27.00, 28.00, 30.25, 28.50, 27.50, 25.75, 27.00, 27.25, 29.75, 29.75, 30.50, 29.00, 28.00, 26.75, 28.50, 28.75, 31.00, 29.75, 30.50, 27.25, 25.75, 28.00, 30.25, 30.50, 28.50, 29.50, 27.75, 26.00, 26.00, 27.25, 29.00, 28.25, 26.00, 26.75, 27.00, 27.50, 27.00, 
8.80, 24.80, 88, 468, 0, 0, 133, 131, 164, -1.73, -0.46, 0.66, 1.04, -0.03, -0.11, 24.75, 25.50, 25.25, 25.50, 25.75, 30.25, 29.75, 29.75, 24.50, 25.00, 24.75, 24.25, 27.25, 31.25, 30.00, 27.00, 24.75, 24.75, 23.50, 24.00, 29.50, 29.25, 29.00, 28.25, 24.00, 25.50, 25.25, 27.00, 28.00, 30.00, 28.25, 27.00, 26.00, 27.25, 26.50, 29.75, 29.75, 30.25, 29.25, 28.00, 26.50, 28.25, 29.00, 31.00, 29.75, 30.75, 27.25, 26.00, 28.25, 29.75, 30.50, 29.00, 29.50, 27.50, 26.00, 25.75, 27.00, 28.25, 28.25, 26.50, 27.00, 27.00, 27.25, 27.00, 
8.70, 24.80, 89, 431, 1, 0, 132, 130, 165, -1.71, -0.71, 0.67, 1.04, -0.03, -0.12, 24.50, 26.00, 25.50, 25.25, 26.00, 30.25, 30.25, 30.50, 24.75, 24.75, 24.75, 24.00, 27.25, 31.00, 30.00, 27.25, 24.75, 25.00, 23.25, 24.25, 29.00, 29.75, 29.00, 28.25, 24.50, 26.00, 25.50, 27.00, 27.75, 30.25, 28.25, 27.50, 26.25, 27.25, 27.00, 29.75, 29.75, 30.25, 29.50, 28.00, 26.75, 28.25, 29.50, 31.25, 30.50, 31.00, 26.75, 26.00, 28.00, 29.75, 31.00, 28.25, 29.25, 27.00, 25.75, 26.00, 27.25, 29.25, 28.50, 26.25, 27.25, 27.00, 27.50, 26.50, 
8.70, 24.80, 89, 447, 0, 0, 135, 130, 163, -1.84, -0.61, 0.63, 1.04, -0.03, -0.11, 25.25, 25.50, 25.50, 25.25, 26.00, 30.00, 30.25, 30.25, 25.00, 25.25, 25.00, 24.25, 27.50, 31.00, 30.50, 27.50, 25.25, 25.00, 23.75, 24.50, 29.25, 29.25, 29.00, 28.75, 24.75, 25.50, 25.00, 27.50, 28.25, 30.25, 28.50, 28.00, 26.50, 27.00, 27.00, 29.50, 30.00, 31.00, 29.25, 28.25, 26.75, 28.50, 29.50, 31.00, 30.50, 30.50, 27.00, 25.75, 28.50, 30.00, 30.75, 28.50, 29.50, 27.25, 26.00, 26.00, 27.25, 28.75, 29.25, 27.00, 27.25, 27.00, 27.75, 27.00, 
8.70, 24.80, 89, 468, 1, 0, 133, 130, 164, -1.66, -0.59, 0.67, 1.04, -0.03, -0.12, 25.00, 25.50, 25.50, 25.00, 26.25, 30.25, 30.00, 29.75, 25.50, 25.75, 24.25, 24.50, 27.25, 31.50, 30.25, 27.25, 25.00, 24.75, 23.50, 24.50, 29.25, 29.75, 28.75, 28.00, 24.50, 25.50, 25.50, 27.50, 27.75, 29.75, 28.25, 27.75, 26.00, 27.25, 27.25, 30.00, 30.00, 30.50, 29.25, 28.25, 26.75, 28.00, 28.75, 31.00, 30.25, 30.75, 27.25, 25.75, 28.50, 30.00, 31.00, 28.25, 29.50, 27.50, 26.25, 26.00, 27.00, 29.00, 29.00, 26.75, 27.25, 27.00, 27.25, 27.00, 
8.70, 24.80, 88, 429, 1, 1, 131, 132, 165, -1.50, -0.76, 0.73, 1.04, -0.03, -0.11, 25.00, 26.00, 26.00, 25.25, 26.50, 30.25, 30.50, 30.00, 24.75, 25.50, 24.75, 24.75, 28.00, 31.50, 30.25, 27.25, 25.00, 24.75, 23.50, 24.50, 29.75, 29.50, 29.25, 27.75, 25.00, 26.00, 25.50, 27.50, 28.50, 30.00, 28.75, 27.75, 26.50, 27.25, 27.50, 29.75, 29.75, 30.75, 29.75, 28.00, 27.00, 28.25, 29.50, 31.25, 30.50, 30.75, 27.50, 25.75, 28.00, 30.25, 31.00, 28.00, 29.75, 28.00, 26.50, 26.50, 27.50, 29.50, 29.00, 26.25, 27.25, 27.25, 28.00, 27.50, 
8.60, 24.80, 88, 457, 1, 1, 135, 130, 163, -1.89, -0.63, 0.65, 1.04, -0.03, -0.12, 25.50, 26.50, 26.00, 25.75, 26.25, 30.25, 30.00, 29.75, 25.00, 25.75, 25.00, 24.75, 27.50, 31.50, 30.25, 27.25, 24.50, 24.75, 24.00, 24.50, 30.00, 29.75, 29.50, 28.50, 24.75, 25.75, 25.25, 27.25, 28.00, 30.25, 28.50, 27.50, 26.25, 27.25, 27.00, 30.00, 29.75, 30.75, 29.25, 28.25, 27.25, 28.75, 29.25, 31.00, 30.75, 30.75, 27.75, 26.00, 28.00, 30.25, 31.00, 28.25, 29.25, 27.75, 26.25, 26.25, 27.00, 28.50, 28.25, 26.75, 27.00, 27.50, 27.50, 27.00, 
8.60, 24.80, 88, 467, 0, 0, 132, 131, 164, -1.63, -0.64, 0.77, 1.04, -0.02, -0.11, 25.50, 26.25, 25.75, 25.75, 26.75, 30.00, 30.25, 30.00, 25.50, 25.50, 24.75, 24.25, 27.75, 31.25, 30.25, 27.25, 25.00, 25.00, 23.50, 24.50, 29.75, 29.75, 29.00, 28.00, 24.50, 26.00, 25.00, 27.25, 28.25, 30.00, 28.75, 28.25, 26.00, 27.25, 27.25, 30.25, 29.50, 30.75, 29.50, 28.25, 26.75, 28.75, 29.25, 30.75, 30.50, 30.75, 27.50, 26.00, 28.25, 30.00, 31.00, 28.50, 29.25, 28.25, 26.25, 27.00, 27.00, 29.00, 29.00, 26.75, 27.75, 27.25, 27.75, 27.50, 
8.60, 24.80, 88, 428, 1, 0, 133, 130, 164, -1.71, -0.87, 0.76, 1.04, -0.02, -0.11, 25.00, 26.25, 25.50, 25.50, 26.25, 30.50, 29.75, 29.75, 25.00, 25.50, 25.50, 24.50, 26.00, 31.50, 30.25, 27.25, 24.50, 25.00, 23.75, 23.75, 27.25, 29.75, 29.50, 28.00, 25.25, 25.75, 25.25, 27.00, 27.75, 30.25, 28.25, 27.75, 26.50, 27.50, 27.00, 29.75, 29.50, 30.50, 30.00, 28.25, 27.25, 28.50, 29.50, 31.25, 30.75, 30.75, 27.75, 26.25, 28.25, 29.75, 31.25, 29.00, 29.75, 27.75, 26.25, 26.50, 27.00, 29.00, 28.50, 26.50, 27.50, 27.50, 27.50, 27.25, 
8.60, 24.80, 89, 458, 0, 0, 136, 129, 164, -1.60, -0.74, 0.89, 1.04, -0.03, -0.12, 25.25, 26.25, 25.75, 26.25, 26.25, 30.00, 30.00, 30.25, 25.50, 25.25, 25.00, 24.25, 26.25, 31.00, 30.50, 27.00, 25.25, 25.00, 23.50, 23.75, 28.00, 29.50, 29.50, 28.25, 24.50, 26.00, 25.50, 27.00, 28.25, 30.75, 28.75, 28.00, 26.50, 27.75, 27.50, 29.75, 30.00, 30.75, 29.25, 29.00, 27.00, 28.50, 29.25, 31.25, 30.00, 31.25, 27.50, 26.25, 29.00, 30.25, 31.50, 29.75, 30.25, 28.25, 26.00, 26.25, 27.00, 29.00, 28.75, 26.75, 27.75, 28.00, 27.25, 27.25, 
8.50, 24.80, 89, 465, 1, 0, 131, 129, 164, -1.76, -0.72, 0.74, 1.04, -0.02, -0.11, 25.00, 26.00, 25.75, 25.75, 26.25, 30.00, 30.25, 30.25, 24.75, 25.25, 24.75, 24.75, 26.25, 31.25, 30.50, 27.25, 25.25, 25.25, 24.00, 24.25, 28.50, 29.50, 29.75, 27.50, 24.75, 25.75, 25.75, 27.75, 28.50, 30.25, 28.50, 28.25, 26.25, 27.50, 27.50, 30.25, 30.00, 30.50, 29.25, 28.50, 26.75, 28.75, 29.75, 31.75, 30.25, 30.75, 27.00, 26.25, 28.00, 30.50, 30.75, 30.25, 30.50, 28.00, 26.25, 26.50, 27.00, 29.00, 29.00, 27.50, 27.75, 27.00, 27.75, 27.00, 
8.50, 24.80, 88, 427, 0, 0, 133, 131, 163, -1.82, -0.85, 0.58, 1.03, -0.03, -0.11, 25.50, 26.00, 25.75, 25.50, 26.00, 30.00, 30.00, 30.25, 25.25, 25.25, 24.75, 25.00, 27.00, 31.25, 30.25, 27.25, 25.00, 25.00, 24.00, 24.25, 29.00, 30.25, 29.50, 28.25, 25.00, 25.50, 25.25, 27.75, 28.50, 30.50, 29.00, 27.50, 26.00, 27.75, 27.50, 30.25, 30.25, 31.00, 29.50, 28.50, 27.00, 29.00, 29.75, 31.50, 30.25, 30.50, 27.25, 26.25, 28.25, 30.25, 31.50, 29.75, 30.50, 28.25, 26.50, 26.25, 27.25, 28.50, 29.00, 27.00, 27.25, 27.25, 28.00, 27.00, 
8.50, 24.80, 88, 467, 1, 1, 135, 130, 165, -1.75, -0.70, 0.74, 1.04, -0.03, -0.12, 25.00, 25.75, 26.00, 25.25, 25.75, 30.00, 30.25, 29.75, 24.75, 25.75, 24.75, 24.25, 26.75, 31.75, 30.25, 27.25, 24.75, 24.75, 23.75, 24.00, 28.50, 29.50, 29.50, 28.25, 24.75, 26.00, 25.50, 27.50, 28.50, 30.25, 29.00, 28.00, 26.00, 27.50, 27.50, 30.25, 30.25, 30.75, 29.75, 28.25, 27.50, 29.00, 29.75, 31.50, 30.75, 30.75, 27.00, 26.00, 28.50, 30.50, 30.75, 29.50, 30.00, 27.75, 27.25, 26.50, 27.25, 29.25, 28.75, 26.75, 27.50, 27.75, 27.50, 27.50, 
8.50, 24.80, 88, 455, 1, 1, 131, 129, 165, -1.58, -0.68, 0.68, 1.05, -0.03, -0.11, 25.25, 25.75, 25.75, 25.25, 26.25, 29.75, 30.25, 30.00, 25.00, 25.50, 24.75, 24.00, 26.50, 31.25, 30.00, 27.75, 24.50, 25.00, 23.75, 24.25, 28.75, 29.75, 29.25, 28.00, 24.50, 25.50, 25.25, 27.25, 28.00, 30.00, 28.25, 27.75, 26.25, 27.00, 27.25, 30.00, 30.00, 30.50, 29.25, 28.00, 26.75, 28.50, 29.25, 31.50, 30.00, 30.50, 27.25, 26.25, 28.25, 30.25, 31.00, 29.25, 30.00, 27.75, 26.75, 27.00, 27.25, 28.75, 28.75, 26.75, 27.50, 27.00, 27.75, 27.50, 
8.40, 24.80, 88, 432, 1, 0, 133, 132, 164, -1.69, -0.66, 0.64, 1.04, -0.03, -0.11, 24.50, 26.00, 25.50, 25.50, 25.50, 29.75, 29.25, 30.25, 24.25, 25.00, 24.00, 24.25, 26.25, 30.75, 30.25, 27.75, 24.50, 24.75, 23.75, 24.25, 28.00, 29.00, 29.25, 27.75, 24.50, 25.75, 25.25, 27.25, 28.25, 30.00, 28.25, 27.25, 26.25, 27.00, 27.00, 29.75, 29.75, 30.50, 29.50, 27.75, 26.75, 28.50, 29.00, 31.25, 29.75, 30.75, 27.00, 25.50, 28.00, 30.00, 30.25, 29.25, 30.00, 27.50, 26.25, 26.00, 27.00, 28.25, 28.75, 26.50, 27.25, 27.00, 27.50, 27.00, 
8.40, 24.80, 88, 501, 0, 0, 135, 129, 165, -1.73, -0.81, 0.85, 1.05, -0.03, -0.11, 28.00, 27.75, 27.25, 27.50, 29.50, 31.25, 29.50, 29.75, 27.50, 27.50, 27.75, 29.50, 31.75, 31.50, 28.50, 26.75, 25.50, 26.25, 24.25, 24.25, 29.50, 29.50, 28.50, 28.25, 24.75, 26.00, 24.75, 24.00, 25.75, 29.00, 28.00, 27.50, 26.25, 27.00, 26.75, 27.75, 27.50, 29.50, 29.25, 28.25, 26.50, 28.75, 28.75, 29.50, 29.50, 30.50, 29.00, 26.25, 28.25, 30.00, 30.75, 30.75, 29.50, 31.00, 26.75, 26.75, 27.50, 29.25, 29.00, 29.00, 29.75, 28.00, 27.50, 27.00, 
8.50, 24.80, 89, 487, 1, 0, 130, 131, 164, -1.72, -0.18, 0.54, 1.04, -0.03, -0.12, 28.25, 26.75, 26.75, 26.25, 31.25, 31.00, 29.50, 29.50, 28.25, 28.25, 28.00, 27.50, 32.25, 31.50, 28.75, 26.50, 28.00, 28.25, 29.75, 31.00, 30.00, 29.25, 28.00, 27.50, 27.00, 28.00, 29.00, 29.00, 25.00, 26.25, 27.75, 28.00, 26.50, 27.50, 27.00, 27.25, 27.75, 28.75, 29.00, 28.50, 27.00, 28.25, 28.75, 28.50, 29.75, 31.00, 29.25, 26.50, 28.25, 30.00, 31.00, 28.75, 30.00, 30.50, 27.50, 26.75, 27.25, 28.75, 28.50, 26.25, 28.25, 28.00, 27.75, 27.00, 
8.50, 24.80, 88, 476, 0, 0, 135, 131, 164, -1.82, -0.48, 0.57, 1.04, -0.03, -0.10, 28.00, 28.25, 27.25, 28.75, 29.50, 28.75, 29.00, 29.50, 28.50, 26.75, 26.50, 30.75, 33.25, 30.00, 26.50, 26.25, 28.75, 27.50, 26.50, 32.25, 32.25, 28.75, 27.00, 27.25, 27.50, 28.00, 27.75, 30.25, 30.75, 26.00, 27.00, 27.25, 27.50, 28.00, 28.75, 28.25, 27.25, 28.50, 28.00, 28.25, 26.75, 28.00, 31.50, 31.00, 28.00, 30.50, 27.75, 27.00, 28.50, 29.50, 31.75, 31.25, 29.75, 30.00, 27.00, 26.75, 27.25, 28.75, 28.75, 29.25, 30.25, 27.50, 27.75, 26.50, 
8.50, 24.80, 89, 494, 1, 0, 134, 129, 164, -1.66, -0.82, 0.82, 1.04, -0.03, -0.12, 28.00, 28.25, 27.75, 30.00, 29.50, 29.00, 29.25, 30.25, 29.00, 27.25, 28.75, 32.50, 32.75, 28.00, 26.50, 27.25, 28.75, 29.00, 30.25, 33.00, 32.25, 27.00, 26.50, 28.00, 28.25, 28.00, 29.00, 31.25, 28.75, 25.25, 27.75, 27.50, 27.25, 28.25, 29.25, 28.75, 27.00, 28.00, 28.00, 28.00, 27.25, 28.25, 31.50, 30.00, 28.75, 30.50, 28.25, 27.50, 28.50, 30.50, 31.50, 31.50, 30.50, 29.50, 27.00, 26.75, 27.50, 29.00, 29.25, 31.25, 30.75, 27.50, 28.25, 27.25, 
8.50, 24.80, 88, 458, 1, 1, 133, 130, 164, -1.65, -0.75, 0.66, 1.05, -0.03, -0.10, 28.25, 28.25, 27.50, 29.50, 30.00, 29.25, 29.25, 29.75, 28.50, 27.25, 27.00, 32.25, 32.50, 29.00, 26.25, 26.75, 29.00, 28.00, 28.25, 33.25, 32.25, 28.00, 27.00, 27.75, 28.25, 28.50, 29.00, 32.50, 32.00, 26.75, 27.75, 27.75, 27.50, 28.00, 28.75, 29.25, 27.75, 28.00, 28.25, 27.75, 27.25, 28.50, 31.75, 30.25, 29.00, 30.75, 28.00, 27.25, 28.50, 30.25, 32.00, 31.50, 30.00, 29.75, 26.25, 26.25, 27.50, 29.25, 29.25, 32.25, 31.00, 27.75, 27.75, 27.50, 
8.50, 24.80, 88, 509, 1, 1, 137, 129, 164, -1.68, -0.69, 0.73, 1.04, -0.03, -0.11, 28.25, 28.00, 27.50, 29.25, 29.50, 28.75, 29.75, 29.75, 28.50, 27.25, 26.50, 31.75, 32.75, 29.50, 26.50, 26.25, 29.00, 28.25, 27.75, 32.75, 32.25, 28.25, 26.50, 27.50, 27.75, 27.75, 28.50, 32.00, 31.50, 26.00, 27.50, 27.75, 27.75, 28.00, 28.50, 29.25, 27.75, 27.00, 28.25, 28.50, 27.00, 28.25, 31.00, 30.00, 28.25, 30.50, 28.75, 27.50, 28.25, 30.00, 31.50, 31.00, 29.50, 29.75, 27.00, 27.00, 27.25, 29.00, 29.25, 32.25, 30.75, 28.00, 27.75, 27.00, 
8.50, 24.80, 88, 494, 0, 0, 132, 129, 164, -1.64, -0.66, 0.82, 1.04, -0.03, -0.11, 28.25, 28.00, 27.75, 29.50, 29.50, 29.00, 30.00, 29.00, 28.75, 27.00, 26.75, 31.50, 33.00, 30.00, 26.50, 27.00, 28.75, 28.25, 27.75, 32.75, 32.50, 28.25, 27.25, 26.75, 27.75, 27.75, 28.50, 31.75, 31.50, 26.50, 27.25, 27.00, 27.75, 28.25, 29.00, 28.75, 27.00, 27.00, 27.75, 28.25, 27.00, 28.25, 31.50, 30.25, 28.50, 30.75, 28.50, 27.00, 28.25, 30.75, 31.50, 31.25, 29.25, 30.00, 26.50, 26.25, 27.75, 29.50, 29.50, 31.50, 30.75, 27.75, 28.00, 27.50, 
8.60, 24.80, 88, 461, 1, 0, 133, 132, 164, -1.69, -0.59, 0.95, 1.04, -0.03, -0.10, 28.00, 28.00, 27.50, 29.50, 30.00, 28.75, 29.25, 29.50, 28.25, 27.25, 26.25, 31.25, 32.75, 29.25, 26.50, 27.00, 28.75, 28.00, 27.50, 32.50, 32.50, 28.25, 26.25, 27.00, 27.75, 28.00, 28.75, 32.25, 31.50, 26.50, 27.25, 27.50, 28.00, 27.75, 29.00, 28.75, 27.50, 27.50, 28.25, 28.25, 27.00, 28.50, 31.25, 30.50, 28.25, 30.50, 28.50, 27.50, 28.00, 30.50, 31.50, 31.75, 30.00, 30.00, 26.75, 26.25, 27.50, 29.00, 29.50, 31.75, 30.75, 27.75, 27.75, 27.00, 
8.60, 24.80, 89, 497, 0, 0, 135, 130, 164, -1.84, -0.66, 0.63, 1.04, -0.03, -0.11, 28.25, 27.75, 27.25, 29.25, 29.75, 29.00, 29.25, 29.50, 29.00, 27.25, 26.75, 31.50, 32.75, 29.75, 26.25, 27.75, 28.75, 28.50, 27.75, 33.00, 32.75, 28.25, 26.75, 27.75, 28.00, 28.50, 28.50, 32.00, 31.50, 26.50, 27.00, 27.50, 27.25, 27.50, 28.75, 28.75, 27.00, 27.75, 27.75, 28.00, 27.25, 28.25, 31.50, 30.25, 28.25, 30.50, 28.00, 27.50, 28.75, 30.25, 31.50, 31.50, 30.00, 29.75, 27.25, 26.75, 27.50, 29.00, 28.75, 32.25, 30.50, 27.50, 27.50, 27.50, 
8.60, 24.80, 88, 479, 1, 0, 131, 130, 165, -1.53, -0.61, 0.75, 1.04, -0.03, -0.11, 27.50, 28.00, 27.00, 29.00, 29.50, 28.50, 29.00, 29.50, 28.25, 26.50, 26.25, 31.00, 32.75, 29.25, 26.00, 26.75, 28.75, 28.00, 27.00, 32.25, 32.00, 28.50, 26.50, 26.75, 27.75, 27.75, 28.50, 31.75, 31.50, 27.25, 27.25, 27.00, 27.25, 27.50, 28.75, 28.50, 27.75, 27.50, 28.25, 27.75, 27.00, 28.00, 31.00, 29.75, 28.50, 30.25, 28.00, 26.75, 28.00, 30.00, 31.50, 31.25, 29.75, 29.50, 26.50, 26.25, 27.25, 29.00, 29.00, 31.25, 30.00, 27.50, 27.25, 26.50, 
8.60, 24.80, 88, 469, 0, 0, 134, 130, 164, -1.57, -0.47, 0.76, 1.04, -0.03, -0.12, 27.75, 28.00, 27.00, 28.50, 29.25, 28.50, 29.25, 29.25, 28.50, 27.25, 26.25, 30.75, 32.75, 29.25, 26.75, 26.75, 28.00, 28.00, 27.25, 32.50, 32.25, 28.50, 26.25, 26.50, 27.50, 28.25, 28.50, 31.75, 31.25, 26.75, 27.25, 27.50, 27.25, 27.50, 28.50, 28.25, 27.50, 27.50, 28.00, 27.75, 26.75, 28.00, 31.50, 30.25, 28.00, 30.50, 28.25, 27.25, 28.75, 29.50, 31.25, 30.75, 29.75, 29.50, 25.75, 26.00, 27.50, 28.50, 28.75, 31.25, 30.25, 27.50, 27.50, 27.25, 
8.60, 24.80, 88, 500, 1, 0, 134, 130, 164, -1.80, -0.76, 0.75, 1.04, -0.03, -0.11, 27.25, 27.75, 27.50, 29.25, 29.50, 28.50, 29.50, 29.75, 28.50, 26.75, 26.50, 31.25, 32.50, 29.25, 26.50, 27.00, 28.50, 28.75, 27.00, 32.50, 32.50, 28.25, 26.75, 26.75, 27.75, 27.50, 28.25, 31.50, 31.25, 27.50, 27.25, 27.25, 28.00, 28.00, 28.75, 28.50, 27.75, 27.50, 28.25, 28.00, 27.25, 28.00, 31.25, 29.75, 28.25, 30.25, 28.00, 27.00, 28.25, 30.00, 31.25, 31.00, 29.75, 29.50, 26.50, 26.00, 27.75, 29.25, 29.00, 31.75, 30.00, 27.75, 27.50, 27.25, 
8.60, 24.80, 88, 468, 0, 0, 132, 130, 164, -1.71, -0.53, 0.74, 1.04, -0.03, -0.12, 27.75, 27.50, 27.25, 28.50, 29.50, 28.75, 29.00, 29.50, 28.75, 26.75, 26.25, 31.00, 32.75, 29.00, 26.25, 27.00, 28.25, 28.00, 26.75, 32.75, 32.25, 28.25, 26.75, 27.25, 27.50, 28.25, 28.25, 32.25, 31.75, 27.25, 27.25, 27.00, 27.25, 27.75, 28.75, 28.50, 27.75, 27.50, 28.25, 27.50, 27.00, 28.25, 31.25, 29.75, 28.00, 30.25, 27.75, 27.50, 28.50, 30.00, 31.25, 31.00, 29.75, 29.75, 26.75, 26.25, 27.50, 28.75, 29.25, 31.25, 29.50, 27.25, 27.50, 26.50, 
9.00, 24.80, 88, 483, 1, 0, 135, 130, 164, -1.62, -0.62, 0.59, 1.04, -0.03, -0.10, 27.75, 28.00, 27.25, 29.00, 29.75, 28.50, 29.25, 29.25, 29.00, 27.00, 26.25, 31.25, 33.00, 29.75, 26.25, 27.25, 28.75, 28.00, 26.75, 32.75, 32.50, 28.75, 26.75, 27.25, 27.75, 28.25, 28.50, 32.25, 31.75, 28.75, 27.50, 27.50, 27.50, 27.50, 29.25, 29.25, 28.50, 28.00, 28.25, 27.75, 27.50, 28.00, 31.50, 30.25, 28.50, 30.25, 28.75, 27.50, 28.50, 30.00, 32.00, 31.25, 29.75, 29.75, 26.75, 26.50, 27.50, 29.00, 29.00, 31.75, 30.00, 27.50, 28.00, 27.25, 
9.00, 24.80, 88, 503, 0, 0, 134, 129, 164, -1.64, -0.73, 0.66, 1.04, -0.03, -0.11, 27.75, 28.00, 27.50, 28.50, 29.25, 28.50, 29.25, 29.50, 28.75, 27.00, 26.25, 30.00, 32.50, 29.50, 27.00, 28.00, 28.50, 28.00, 26.25, 32.25, 32.25, 29.00, 26.75, 27.50, 28.00, 28.00, 28.50, 32.00, 32.50, 28.50, 27.50, 27.00, 27.75, 28.25, 28.75, 29.25, 28.50, 28.50, 28.50, 27.75, 27.25, 28.50, 31.25, 30.00, 28.75, 30.75, 28.25, 27.50, 28.25, 30.50, 31.50, 31.25, 30.25, 29.50, 26.75, 26.50, 27.75, 28.75, 29.25, 31.50, 30.25, 27.75, 27.75, 26.50, 
9.10, 24.80, 88, 464, 1, 0, 133, 130, 164, -1.69, -0.47, 0.63, 1.04, -0.03, -0.11, 28.00, 28.00, 27.75, 28.75, 29.50, 28.50, 29.50, 29.75, 28.50, 27.00, 25.75, 30.25, 32.25, 29.75, 26.25, 27.50, 28.50, 28.00, 25.50, 32.00, 32.00, 28.75, 26.50, 26.75, 28.00, 28.25, 27.50, 31.00, 31.25, 28.25, 27.25, 27.00, 27.50, 28.00, 28.50, 28.00, 28.00, 27.75, 28.00, 28.25, 26.50, 28.00, 31.25, 29.75, 28.50, 30.00, 28.25, 27.00, 28.25, 29.75, 31.50, 31.25, 29.75, 29.25, 26.50, 26.50, 27.50, 28.75, 29.00, 31.50, 29.75, 27.50, 27.75, 27.00, 
9.10, 24.80, 89, 484, 1, 0, 135, 131, 163, -1.73, -0.61, 0.83, 1.04, -0.03, -0.11, 28.00, 28.00, 27.50, 28.50, 29.75, 29.00, 29.25, 29.75, 29.00, 27.50, 26.50, 31.00, 32.50, 29.75, 26.00, 27.25, 28.25, 28.25, 27.50, 32.50, 32.50, 28.25, 26.50, 27.00, 28.25, 28.25, 28.00, 31.25, 30.50, 25.75, 27.25, 27.50, 27.75, 27.50, 28.50, 28.25, 27.00, 27.50, 28.00, 27.75, 27.25, 28.00, 31.25, 30.25, 28.00, 29.75, 27.75, 27.50, 28.75, 30.25, 32.00, 31.75, 30.00, 29.00, 27.00, 26.00, 27.50, 29.00, 29.00, 31.00, 30.50, 27.50, 27.75, 27.00, 
9.10, 24.80, 88, 499, 1, 0, 132, 129, 164, -1.63, -0.70, 0.72, 1.04, -0.03, -0.11, 28.50, 27.75, 27.50, 29.00, 29.25, 28.75, 29.25, 29.25, 28.50, 27.00, 26.25, 30.75, 32.50, 30.00, 26.50, 27.25, 28.75, 28.25, 26.75, 32.25, 32.00, 28.25, 26.75, 26.75, 28.00, 28.00, 28.50, 31.50, 31.50, 26.75, 27.50, 27.75, 27.50, 28.00, 28.75, 28.75, 27.00, 27.75, 27.75, 27.50, 27.25, 28.25, 31.00, 30.00, 28.00, 30.50, 27.75, 27.50, 28.50, 30.25, 31.50, 31.50, 29.75, 29.75, 26.50, 26.75, 27.00, 29.25, 29.25, 31.25, 30.25, 27.75, 27.00, 27.00, 
9.10, 24.80, 88, 461, 1, 1, 132, 132, 165, -1.57, -0.58, 0.64, 1.04, -0.03, -0.11, 27.25, 27.50, 27.50, 28.25, 29.00, 28.75, 29.00, 29.75, 28.00, 27.25, 26.75, 30.50, 32.75, 29.50, 26.25, 27.75, 28.25, 28.00, 26.50, 32.75, 32.25, 28.25, 26.25, 27.00, 27.50, 28.00, 28.00, 31.50, 31.00, 27.25, 27.75, 26.25, 27.00, 27.75, 28.75, 28.50, 27.75, 27.75, 27.75, 28.00, 27.00, 28.25, 30.75, 30.00, 28.25, 30.25, 28.00, 27.00, 28.25, 30.00, 31.75, 31.75, 29.75, 29.25, 26.50, 26.25, 27.25, 29.00, 28.75, 30.75, 29.75, 27.50, 27.00, 27.00, 
9.00, 24.80, 88, 483, 1, 1, 135, 129, 164, -1.74, -0.69, 0.74, 1.04, -0.03, -0.12, 27.75, 27.50, 27.25, 28.75, 29.25, 28.75, 29.25, 29.50, 28.50, 27.00, 26.00, 30.25, 32.50, 29.25, 26.50, 27.25, 28.00, 27.75, 26.25, 32.25, 32.00, 28.00, 26.50, 26.75, 27.50, 27.75, 28.25, 31.50, 31.25, 27.25, 27.00, 27.00, 27.50, 28.00, 28.50, 28.50, 27.75, 27.50, 27.75, 28.50, 26.25, 28.00, 31.25, 30.50, 27.75, 30.50, 28.00, 27.50, 28.25, 30.25, 31.75, 31.50, 30.00, 29.25, 26.50, 26.00, 27.25, 28.75, 28.75, 31.25, 29.75, 27.75, 27.50, 27.25, 
9.00, 24.80, 88, 498, 1, 0, 133, 130, 164, -1.63, -0.63, 0.65, 1.04, -0.03, -0.12, 28.00, 28.00, 27.25, 28.75, 29.00, 29.00, 29.00, 29.50, 28.25, 27.25, 26.00, 30.75, 32.50, 29.50, 26.00, 26.75, 28.25, 27.50, 27.00, 32.50, 32.25, 28.25, 26.25, 27.25, 27.25, 27.75, 28.00, 31.25, 31.25, 27.00, 27.25, 27.25, 27.50, 27.25, 28.50, 29.25, 27.50, 27.75, 28.25, 27.75, 26.50, 28.25, 31.00, 30.25, 28.75, 30.00, 28.00, 27.25, 28.50, 30.50, 31.25, 31.50, 29.75, 29.25, 26.50, 26.25, 27.25, 28.75, 29.50, 31.00, 30.00, 27.75, 27.75, 26.75, 
8.70, 24.70, 89, 461, 1, 0, 132, 131, 165, -1.45, -0.53, 0.84, 1.04, -0.03, -0.11, 28.00, 28.00, 27.00, 29.00, 29.00, 28.75, 29.00, 29.50, 28.50, 27.25, 26.00, 30.75, 32.50, 29.00, 26.75, 27.25, 28.75, 28.25, 27.25, 32.75, 32.25, 28.50, 26.50, 27.00, 27.50, 28.00, 28.75, 31.75, 31.50, 27.00, 27.50, 27.25, 27.50, 27.50, 29.00, 29.00, 27.75, 28.00, 28.00, 28.25, 27.00, 28.25, 31.50, 30.25, 28.50, 30.50, 28.00, 26.75, 28.00, 30.00, 31.75, 32.00, 29.75, 29.50, 26.50, 26.50, 27.25, 29.00, 29.25, 31.00, 30.00, 28.00, 27.25, 27.00, 
8.70, 24.70, 88, 484, 0, 0, 135, 130, 164, -1.73, -0.47, 0.61, 1.04, -0.03, -0.12, 28.00, 28.25, 27.25, 28.75, 29.50, 29.00, 29.75, 29.25, 28.75, 27.25, 26.50, 31.25, 33.00, 29.50, 26.25, 27.25, 28.25, 28.25, 26.75, 32.50, 32.50, 28.25, 26.50, 26.75, 27.75, 28.25, 28.50, 31.50, 31.75, 27.00, 27.50, 27.50, 27.50, 28.25, 28.75, 29.25, 28.00, 28.00, 28.25, 27.75, 27.00, 28.25, 31.50, 30.75, 28.00, 30.50, 27.75, 26.75, 28.50, 30.25, 31.75, 31.50, 29.75, 29.00, 26.25, 25.75, 27.00, 28.75, 29.00, 30.25, 29.75, 27.00, 27.50, 26.00, 
8.70, 24.80, 88, 498, 1, 0, 131, 131, 165, -1.53, -0.63, 0.74, 1.04, -0.03, -0.10, 27.75, 28.00, 27.25, 29.00, 29.75, 29.50, 29.50, 30.00, 29.00, 27.00, 26.25, 31.50, 33.00, 29.75, 27.00, 27.00, 28.75, 28.50, 27.00, 32.50, 32.00, 28.25, 26.75, 27.25, 28.00, 28.75, 28.25, 32.00, 31.75, 27.50, 27.75, 27.50, 27.75, 28.00, 28.75, 29.25, 27.75, 28.50, 28.50, 28.00, 27.75, 28.25, 31.25, 30.50, 28.50, 30.75, 27.75, 27.25, 28.75, 30.25, 32.00, 31.75, 29.75, 29.00, 26.50, 26.50, 27.50, 28.75, 29.00, 31.50, 30.25, 27.50, 27.50, 27.25, 
8.70, 24.80, 88, 459, 0, 0, 132, 132, 164, -1.47, -0.61, 0.83, 1.04, -0.03, -0.12, 28.00, 27.25, 27.25, 29.00, 29.50, 29.25, 29.25, 29.75, 28.50, 27.25, 26.25, 31.25, 32.75, 29.50, 26.50, 27.00, 28.75, 28.25, 27.00, 33.00, 32.25, 28.50, 26.50, 27.75, 28.00, 28.75, 28.50, 32.00, 31.75, 27.75, 27.75, 27.50, 27.25, 28.50, 29.00, 29.50, 28.25, 28.50, 28.00, 28.00, 27.00, 28.25, 31.25, 30.75, 28.75, 30.50, 27.75, 27.00, 28.50, 30.25, 31.75, 31.75, 29.75, 29.50, 26.25, 26.25, 27.50, 29.00, 29.25, 31.25, 30.50, 28.00, 28.25, 27.00, 
8.60, 24.80, 88, 497, 0, 0, 136, 129, 163, -1.60, -0.62, 0.76, 1.04, -0.03, -0.11, 27.50, 27.50, 27.00, 28.75, 29.50, 28.75, 29.00, 28.75, 28.25, 27.00, 26.00, 30.75, 32.25, 29.00, 26.00, 26.75, 28.50, 28.25, 26.25, 32.25, 32.25, 28.75, 26.75, 27.00, 27.50, 27.75, 28.50, 31.50, 31.50, 28.00, 27.50, 27.00, 27.50, 27.50, 28.50, 28.75, 28.50, 28.25, 28.25, 28.00, 27.00, 28.25, 31.25, 30.50, 28.25, 30.50, 28.25, 27.00, 28.50, 29.75, 32.00, 31.50, 30.00, 29.50, 26.00, 26.50, 27.50, 28.25, 29.00, 31.50, 30.25, 28.00, 27.50, 27.00, 
8.60, 24.80, 89, 489, 0, 0, 132, 129, 164, -1.52, -0.60, 0.73, 1.04, -0.03, -0.11, 28.00, 27.75, 27.50, 28.75, 29.50, 29.00, 29.25, 29.50, 28.50, 27.25, 26.00, 31.00, 33.00, 29.25, 26.75, 27.00, 29.00, 28.25, 27.00, 32.50, 32.75, 29.00, 27.00, 27.25, 27.50, 28.25, 28.75, 32.00, 31.75, 28.50, 28.00, 27.50, 27.75, 27.75, 29.25, 29.75, 28.75, 28.50, 28.25, 28.00, 27.00, 28.50, 31.50, 30.75, 28.50, 30.75, 28.50, 27.25, 28.75, 30.75, 32.00, 32.00, 30.00, 29.25, 26.75, 27.00, 28.00, 28.75, 29.25, 31.25, 30.25, 28.25, 27.25, 27.00, 
8.60, 24.80, 88, 464, 1, 0, 134, 130, 164, -1.70, -0.58, 0.77, 1.04, -0.03, -0.12, 28.25, 28.25, 27.25, 29.00, 29.75, 29.00, 29.25, 30.25, 28.75, 27.50, 26.50, 31.00, 33.00, 29.50, 26.50, 27.25, 28.75, 28.75, 27.00, 32.50, 33.00, 29.25, 27.25, 27.25, 28.00, 28.50, 28.50, 32.50, 32.25, 29.25, 27.75, 27.75, 27.50, 28.25, 29.00, 30.00, 29.00, 28.75, 28.25, 28.25, 27.25, 28.00, 31.50, 30.75, 29.00, 30.75, 28.25, 27.50, 28.25, 30.00, 31.50, 31.75, 30.25, 29.50, 26.75, 26.75, 27.25, 29.25, 29.25, 31.50, 30.25, 28.00, 27.75, 27.00, 
8.60, 24.80, 88, 499, 1, 0, 135, 130, 164, -1.66, -0.50, 0.79, 1.04, -0.03, -0.10, 28.25, 27.75, 27.50, 28.75, 29.50, 28.75, 29.25, 29.25, 29.25, 27.00, 26.00, 30.75, 33.00, 29.75, 26.75, 27.50, 29.00, 28.25, 26.50, 32.50, 32.50, 29.00, 26.75, 27.25, 28.00, 28.50, 28.75, 32.00, 32.00, 28.75, 27.50, 28.00, 27.50, 28.25, 28.50, 29.50, 29.00, 28.25, 28.50, 28.00, 27.25, 28.00, 31.75, 31.00, 29.25, 30.25, 28.25, 27.50, 28.75, 30.00, 32.00, 31.75, 30.50, 29.50, 27.00, 26.25, 27.50, 29.25, 29.25, 31.25, 30.00, 27.50, 27.25, 27.50, 
8.60, 24.80, 89, 479, 1, 0, 130, 131, 164, -1.62, -0.69, 0.74, 1.04, -0.03, -0.11, 28.50, 28.00, 27.50, 28.75, 29.75, 29.25, 29.75, 29.50, 28.75, 27.25, 26.50, 31.00, 33.00, 29.50, 26.75, 27.50, 28.75, 28.25, 27.00, 32.75, 32.75, 29.00, 27.00, 27.25, 28.25, 29.00, 28.75, 32.00, 32.25, 28.75, 28.00, 27.75, 27.50, 28.50, 29.00, 30.00, 29.25, 28.75, 28.50, 28.00, 27.75, 28.50, 31.75, 31.00, 29.00, 30.50, 28.00, 27.75, 28.75, 30.75, 32.25, 32.75, 30.25, 29.00, 26.75, 26.75, 27.75, 29.25, 29.25, 31.75, 30.50, 27.75, 28.00, 27.75, 
8.60, 24.80, 88, 469, 0, 0, 134, 131, 164, -1.63, -0.76, 0.79, 1.04, -0.03, -0.12, 27.75, 28.00, 27.75, 28.75, 29.50, 28.75, 29.25, 29.50, 29.00, 27.25, 26.50, 31.00, 32.75, 30.00, 27.00, 27.75, 29.00, 28.25, 27.00, 32.50, 32.50, 29.50, 27.25, 26.75, 27.75, 28.25, 28.75, 32.25, 32.00, 29.25, 27.75, 28.00, 27.75, 28.25, 28.75, 29.75, 29.25, 28.50, 28.50, 28.25, 27.25, 28.00, 31.25, 30.75, 28.75, 31.00, 28.75, 28.00, 28.25, 30.25, 31.75, 32.00, 30.25, 29.75, 27.00, 27.00, 27.75, 29.25, 29.25, 31.75, 30.00, 27.75, 28.25, 27.50, 
8.60, 24.80, 88, 500, 1, 0, 134, 129, 164, -1.72, -0.76, 0.67, 1.04, -0.03, -0.12, 28.00, 28.25, 28.00, 29.00, 29.75, 29.25, 29.75, 29.75, 29.25, 27.50, 26.50, 30.75, 32.75, 29.50, 26.75, 28.00, 28.75, 29.00, 26.75, 32.75, 32.50, 29.00, 27.00, 27.50, 28.25, 28.50, 28.50, 32.00, 32.25, 28.50, 28.00, 27.25, 27.75, 27.50, 28.75, 30.00, 28.75, 28.25, 28.50, 28.25, 27.50, 28.50, 31.75, 30.75, 28.75, 31.00, 28.75, 28.00, 28.75, 30.25, 32.00, 32.25, 30.50, 30.00, 26.75, 26.50, 27.50, 28.75, 29.25, 31.50, 30.25, 28.25, 27.50, 27.75, 
8.60, 24.80, 89, 469, 1, 1, 131, 131, 165, -1.82, -0.52, 0.72, 1.04, -0.03, -0.11, 28.25, 27.75, 27.50, 29.00, 30.00, 28.50, 29.25, 29.75, 29.00, 27.75, 26.50, 31.00, 33.25, 29.75, 27.25, 27.50, 28.50, 28.75, 27.00, 32.50, 32.50, 29.25, 27.00, 27.25, 27.75, 28.25, 29.00, 32.00, 32.25, 28.50, 27.75, 28.00, 27.75, 27.75, 28.75, 29.75, 28.75, 28.50, 28.75, 28.75, 27.00, 28.25, 31.50, 30.75, 28.75, 30.75, 28.25, 27.25, 28.75, 30.50, 31.75, 31.75, 30.50, 29.75, 26.75, 26.00, 27.75, 29.50, 29.25, 32.00, 30.50, 27.50, 27.75, 27.50, 
8.70, 24.80, 88, 484, 1, 1, 135, 131, 163, -1.71, -0.64, 0.94, 1.04, -0.03, -0.11, 28.00, 28.00, 27.25, 29.00, 29.25, 29.00, 29.50, 30.25, 28.75, 27.75, 26.75, 30.75, 33.25, 29.50, 26.75, 28.00, 29.25, 28.50, 27.00, 32.75, 32.50, 29.25, 27.00, 28.00, 28.00, 28.75, 28.75, 31.75, 32.25, 28.50, 27.75, 27.75, 28.25, 28.25, 28.75, 29.50, 28.75, 28.50, 28.75, 28.00, 27.50, 28.25, 31.75, 30.75, 28.75, 31.00, 28.50, 27.50, 28.25, 30.25, 32.00, 32.25, 30.25, 29.75, 26.50, 26.75, 27.75, 29.50, 29.50, 31.75, 30.00, 28.00, 27.75, 27.50, 
8.70, 24.80, 89, 497, 0, 0, 132, 129, 164, -1.84, -0.51, 0.88, 1.04, -0.03, -0.11, 28.00, 27.75, 27.75, 29.00, 29.50, 29.50, 29.50, 30.00, 29.00, 27.25, 26.50, 30.75, 33.00, 29.75, 27.25, 28.25, 28.75, 29.00, 27.25, 32.75, 33.00, 29.00, 27.00, 27.50, 28.00, 28.50, 28.75, 32.00, 32.50, 29.00, 27.75, 27.75, 28.25, 28.00, 29.00, 29.75, 29.25, 28.50, 28.50, 28.75, 27.25, 28.50, 31.75, 30.75, 29.25, 30.75, 28.75, 28.25, 29.00, 30.50, 32.00, 32.25, 30.50, 30.00, 27.00, 26.75, 27.75, 29.75, 29.50, 31.75, 30.25, 28.00, 28.00, 27.50, 
8.70, 24.80, 88, 457, 1, 0, 133, 131, 163, -1.74, -0.75, 0.69, 1.04, -0.03, -0.12, 27.75, 28.00, 27.50, 29.00, 29.25, 29.00, 29.25, 29.50, 28.25, 27.50, 26.50, 30.50, 33.00, 29.50, 27.25, 27.75, 29.00, 28.75, 27.25, 33.00, 32.75, 29.00, 27.00, 27.50, 28.00, 28.50, 29.25, 32.50, 32.00, 27.50, 28.00, 27.75, 28.00, 28.25, 28.75, 30.00, 28.75, 27.75, 28.00, 28.00, 27.25, 28.25, 31.25, 31.00, 28.75, 31.00, 28.50, 28.00, 28.75, 30.50, 32.00, 32.25, 30.25, 30.00, 27.00, 27.00, 27.25, 29.00, 29.50, 31.25, 30.50, 27.75, 27.75, 27.00, 
8.70, 24.80, 88, 497, 1, 0, 136, 129, 164, -1.54, -0.44, 0.81, 1.04, -0.02, -0.11, 28.00, 28.00, 27.25, 29.25, 30.00, 29.00, 29.25, 30.75, 29.00, 27.50, 26.50, 30.75, 33.00, 29.50, 27.25, 27.50, 29.00, 28.50, 27.25, 32.75, 32.75, 29.00, 27.50, 27.00, 28.50, 28.75, 28.75, 32.00, 32.25, 28.50, 27.75, 27.75, 27.75, 28.00, 28.75, 29.50, 28.75, 28.50, 28.25, 28.75, 27.50, 28.50, 31.50, 31.25, 28.75, 30.75, 28.75, 28.00, 28.75, 30.50, 31.75, 32.50, 30.50, 29.75, 27.25, 27.25, 27.25, 29.50, 29.50, 32.00, 31.25, 28.25, 27.75, 27.50, 
8.70, 24.80, 88, 471, 1, 0, 131, 131, 164, -1.74, -0.76, 0.69, 1.04, -0.03, -0.13, 28.00, 28.00, 27.25, 29.00, 29.50, 29.25, 30.50, 30.25, 28.75, 27.50, 26.50, 31.00, 32.50, 29.75, 26.75, 27.50, 29.25, 29.00, 27.50, 32.75, 32.75, 29.00, 27.25, 27.00, 27.75, 28.00, 29.25, 32.25, 32.25, 28.25, 27.50, 27.75, 28.25, 28.25, 28.75, 29.75, 28.75, 28.75, 28.50, 28.25, 27.50, 28.50, 31.50, 31.00, 29.00, 30.75, 28.75, 27.75, 28.50, 30.25, 32.00, 32.00, 29.75, 29.50, 27.25, 26.25, 27.75, 29.25, 29.50, 32.00, 30.25, 28.00, 27.75, 27.25, 
8.70, 24.80, 89, 478, 0, 0, 135, 130, 165, -1.76, -0.73, 0.64, 1.04, -0.03, -0.12, 27.50, 27.50, 27.50, 28.75, 29.75, 29.00, 29.50, 29.25, 29.00, 27.50, 26.50, 30.75, 33.00, 29.75, 26.50, 27.00, 28.75, 28.50, 26.75, 32.75, 33.00, 28.75, 27.50, 27.25, 28.25, 28.25, 28.50, 31.50, 31.75, 28.00, 28.00, 27.25, 28.00, 28.25, 28.50, 29.75, 28.50, 28.25, 28.00, 28.50, 27.00, 28.25, 31.50, 30.50, 28.50, 31.00, 28.25, 27.50, 28.75, 30.00, 32.00, 31.50, 30.25, 30.25, 26.50, 26.75, 27.25, 29.00, 28.75, 31.50, 30.75, 27.75, 28.25, 27.00, 
8.80, 24.80, 88, 503, 1, 0, 132, 129, 165, -1.61, -0.73, 0.94, 1.04, -0.03, -0.11, 28.25, 28.25, 27.50, 28.75, 29.75, 29.25, 29.75, 30.00, 28.75, 27.75, 26.25, 31.00, 33.00, 30.00, 26.75, 27.00, 28.50, 28.50, 27.00, 32.50, 33.00, 29.50, 27.25, 27.25, 28.00, 28.75, 28.75, 32.25, 32.00, 29.00, 27.75, 27.75, 28.25, 28.25, 28.75, 29.75, 29.50, 28.75, 28.75, 28.50, 27.50, 28.50, 31.25, 31.00, 28.75, 31.00, 28.75, 27.75, 28.50, 30.25, 31.75, 32.00, 30.50, 29.75, 26.75, 26.75, 27.75, 29.25, 29.50, 32.00, 31.00, 27.75, 27.75, 27.75, 
8.80, 24.80, 88, 469, 1, 1, 132, 131, 164, -1.71, -0.70, 0.92, 1.04, -0.03, -0.12, 28.25, 28.00, 27.50, 29.25, 29.25, 29.00, 29.25, 30.25, 28.50, 27.50, 26.75, 31.50, 32.75, 30.25, 26.75, 28.00, 29.00, 28.50, 26.75, 32.75, 32.75, 29.00, 26.75, 27.25, 28.25, 29.00, 29.00, 32.50, 32.25, 29.00, 28.00, 28.00, 27.75, 27.50, 28.75, 29.75, 29.75, 27.75, 28.25, 28.25, 27.25, 28.50, 31.50, 30.75, 29.00, 30.75, 28.50, 27.75, 28.50, 30.25, 31.50, 32.00, 30.25, 30.00, 27.00, 26.75, 27.50, 29.50, 29.50, 31.75, 30.50, 27.75, 27.75, 27.50, 
8.80, 24.80, 88, 496, 1, 1, 135, 130, 164, -1.69, -0.56, 0.68, 1.04, -0.03, -0.11, 27.25, 28.25, 27.25, 28.75, 29.25, 29.00, 29.50, 30.00, 28.25, 27.25, 26.00, 31.25, 32.50, 29.25, 26.50, 27.25, 28.50, 28.00, 27.00, 32.75, 32.75, 28.75, 27.00, 27.25, 27.75, 28.25, 28.50, 31.75, 32.00, 28.25, 27.25, 27.50, 28.00, 28.00, 28.50, 29.25, 28.00, 28.00, 28.50, 28.25, 27.50, 28.25, 31.00, 30.75, 28.75, 30.75, 29.00, 27.75, 28.75, 30.50, 31.75, 32.00, 30.00, 29.50, 26.75, 27.25, 27.75, 29.25, 29.25, 31.50, 30.00, 28.00, 27.75, 27.00, 
8.80, 24.80, 88, 489, 0, 0, 130, 131, 164, -1.70, -0.53, 0.77, 1.04, -0.03, -0.12, 28.00, 28.00, 27.50, 29.00, 29.50, 29.25, 29.00, 29.50, 28.50, 27.50, 26.00, 30.75, 33.00, 29.25, 26.75, 27.50, 28.50, 28.75, 26.50, 32.25, 32.50, 29.25, 27.25, 27.50, 27.75, 28.00, 28.00, 32.00, 32.50, 29.75, 27.75, 27.75, 27.50, 28.50, 28.50, 29.75, 29.00, 28.25, 28.50, 28.50, 26.75, 28.00, 31.25, 30.75, 28.50, 30.75, 28.75, 27.25, 28.25, 30.00, 31.00, 31.50, 29.75, 29.50, 27.00, 27.00, 27.25, 29.50, 29.75, 31.25, 30.00, 28.25, 28.00, 27.00, 
8.70, 24.70, 88, 471, 0, 0, 134, 130, 164, -1.73, -0.60, 0.63, 1.04, -0.03, -0.10, 28.00, 28.00, 27.50, 28.75, 29.50, 28.75, 29.25, 29.75, 28.25, 27.25, 26.50, 30.00, 32.75, 29.75, 26.75, 27.50, 28.50, 28.00, 26.00, 32.25, 32.50, 29.50, 27.25, 27.00, 27.50, 28.50, 28.00, 31.75, 32.50, 29.50, 28.00, 27.75, 27.50, 27.75, 28.50, 29.25, 29.50, 28.25, 28.25, 28.25, 26.75, 28.00, 31.50, 30.50, 28.50, 30.75, 28.75, 27.75, 29.00, 30.50, 31.75, 32.25, 30.25, 30.25, 26.50, 27.00, 27.25, 29.50, 29.50, 31.75, 30.50, 28.25, 27.50, 26.75, 
8.70, 24.70, 88, 502, 0, 0, 135, 130, 164, -1.53, -0.44, 0.74, 1.04, -0.02, -0.12, 27.75, 27.75, 27.25, 28.75, 29.50, 29.00, 29.50, 29.50, 28.25, 27.00, 26.25, 29.75, 32.50, 29.75, 27.00, 27.00, 28.75, 28.25, 25.75, 32.25, 32.75, 30.00, 27.00, 27.50, 27.50, 28.50, 28.00, 31.50, 32.25, 30.00, 28.00, 27.75, 28.00, 27.75, 28.50, 29.75, 29.25, 28.75, 28.25, 28.50, 27.00, 28.00, 31.25, 30.75, 29.00, 30.75, 28.50, 27.75, 28.75, 30.00, 31.75, 31.75, 30.25, 29.50, 26.75, 26.75, 27.25, 28.75, 29.50, 31.75, 30.50, 28.00, 28.00, 27.50, 
8.70, 24.70, 88, 463, 1, 0, 133, 131, 164, -1.65, -0.81, 0.76, 1.05, -0.03, -0.11, 28.50, 27.25, 27.25, 28.50, 29.25, 29.00, 29.25, 29.50, 28.50, 27.00, 26.25, 30.25, 32.75, 30.25, 26.50, 27.50, 29.00, 28.25, 25.75, 32.00, 32.50, 29.25, 27.00, 26.75, 27.75, 28.50, 28.00, 31.75, 32.50, 30.50, 28.00, 27.25, 27.75, 27.75, 28.25, 29.75, 29.50, 28.50, 28.50, 28.00, 27.00, 28.25, 31.50, 30.75, 29.00, 30.75, 28.25, 27.50, 28.50, 30.50, 31.50, 31.75, 30.25, 30.00, 26.75, 26.75, 27.75, 29.00, 29.25, 31.75, 30.75, 27.75, 28.25, 27.00, 
8.70, 24.70, 88, 496, 0, 0, 136, 130, 164, -1.79, -0.48, 0.81, 1.04, -0.03, -0.11, 27.75, 27.75, 27.00, 28.50, 29.00, 29.00, 29.50, 29.25, 28.25, 27.25, 26.00, 29.75, 32.25, 29.50, 26.75, 27.25, 27.75, 27.75, 25.75, 31.50, 32.50, 29.00, 26.75, 26.75, 27.50, 28.00, 28.00, 31.25, 31.75, 30.00, 27.75, 27.25, 27.75, 27.50, 28.25, 29.25, 29.25, 28.25, 28.50, 28.25, 26.75, 27.75, 31.50, 30.75, 28.50, 30.75, 28.25, 27.50, 28.25, 30.50, 31.50, 31.75, 30.25, 29.75, 26.75, 26.75, 27.25, 29.00, 29.00, 31.50, 30.25, 27.75, 27.25, 27.25, 
8.70, 24.80, 89, 501, 1, 0, 131, 130, 165, -1.76, -0.73, 0.73, 1.04, -0.03, -0.11, 27.75, 27.75, 27.25, 28.50, 28.75, 28.00, 29.00, 29.25, 28.00, 27.25, 25.75, 29.50, 32.50, 30.00, 26.25, 27.50, 28.75, 27.75, 26.00, 31.75, 32.50, 29.00, 26.75, 26.75, 28.25, 28.00, 27.75, 30.00, 31.00, 26.75, 26.75, 27.50, 27.00, 27.50, 28.00, 28.00, 26.25, 27.00, 28.00, 28.00, 26.75, 27.50, 30.75, 30.50, 28.25, 30.75, 28.00, 27.50, 27.75, 30.00, 31.25, 32.00, 29.75, 29.50, 26.25, 26.25, 27.50, 29.25, 29.00, 31.50, 30.25, 27.25, 27.25, 27.75, 
8.70, 24.80, 88, 471, 0, 0, 134, 131, 164, -1.82, -0.60, 0.82, 1.04, -0.03, -0.12, 27.75, 27.75, 26.75, 28.25, 28.75, 28.50, 28.50, 29.25, 27.75, 26.50, 25.25, 28.50, 32.00, 29.75, 27.00, 27.50, 28.00, 27.75, 25.25, 30.75, 32.00, 29.00, 26.75, 26.50, 27.25, 27.25, 27.50, 30.00, 31.50, 28.75, 27.00, 27.00, 26.75, 27.50, 27.75, 28.25, 27.75, 27.25, 28.00, 28.00, 27.00, 27.75, 30.50, 30.50, 28.25, 30.50, 27.75, 27.00, 28.00, 30.25, 31.25, 30.75, 29.50, 29.50, 26.25, 25.75, 26.75, 28.75, 29.00, 30.75, 30.25, 26.75, 27.25, 26.25, 
8.50, 24.70, 89, 505, 0, 0, 133, 129, 164, -1.56, -0.60, 0.80, 1.04, -0.03, -0.11, 28.00, 27.50, 27.25, 28.25, 29.00, 28.75, 29.00, 29.50, 28.00, 26.75, 25.75, 28.75, 32.00, 30.00, 26.75, 27.50, 28.00, 27.50, 25.25, 31.50, 32.25, 29.25, 27.00, 27.00, 27.50, 28.00, 27.50, 30.25, 32.00, 30.25, 27.50, 27.25, 27.25, 27.75, 28.00, 29.00, 29.00, 28.00, 28.00, 27.75, 26.50, 28.00, 31.25, 30.75, 28.25, 30.50, 28.00, 27.00, 28.25, 30.00, 31.50, 31.50, 29.75, 29.75, 26.50, 26.75, 27.25, 29.00, 29.00, 31.75, 29.75, 27.25, 27.50, 27.25, 
8.50, 24.70, 88, 481, 0, 0, 133, 130, 164, -1.68, -0.65, 0.89, 1.04, -0.03, -0.11, 28.25, 27.50, 27.75, 28.75, 29.00, 28.75, 29.50, 29.75, 28.00, 26.75, 26.00, 29.50, 32.50, 30.50, 26.75, 27.50, 29.00, 28.00, 25.50, 32.25, 33.00, 29.25, 27.00, 27.00, 27.50, 28.25, 28.00, 31.50, 32.00, 31.25, 28.25, 27.75, 28.00, 27.75, 28.50, 29.00, 30.00, 29.50, 28.75, 28.50, 27.00, 27.75, 30.50, 30.25, 28.50, 30.50, 28.25, 28.25, 28.25, 30.25, 31.75, 31.75, 30.00, 30.00, 27.00, 27.00, 27.75, 29.50, 29.50, 31.25, 30.50, 27.25, 28.00, 27.25, 
8.60, 24.80, 88, 504, 1, 0, 135, 129, 164, -1.72, -0.63, 0.76, 1.04, -0.03, -0.12, 27.75, 27.75, 27.50, 28.75, 28.75, 28.75, 28.75, 29.75, 28.25, 27.00, 26.25, 29.00, 32.25, 29.75, 26.75, 28.25, 28.50, 28.00, 25.50, 31.75, 32.25, 29.25, 26.75, 26.75, 27.50, 28.25, 27.75, 31.50, 32.00, 30.75, 27.75, 27.25, 27.50, 27.75, 28.00, 29.50, 30.25, 29.25, 28.75, 28.50, 26.75, 28.00, 30.75, 30.50, 28.50, 31.00, 28.50, 27.00, 28.00, 30.50, 31.50, 31.75, 29.50, 29.50, 26.50, 26.25, 27.50, 29.00, 29.00, 31.25, 30.50, 27.75, 27.75, 26.75, 
8.60, 24.80, 89, 502, 0, 0, 133, 129, 164, -1.69, -0.74, 0.76, 1.04, -0.03, -0.11, 27.50, 28.00, 27.50, 28.75, 29.00, 29.00, 30.00, 29.50, 29.00, 27.00, 26.00, 29.25, 32.50, 30.25, 26.75, 27.50, 28.75, 28.25, 25.75, 31.75, 32.50, 29.25, 27.00, 27.25, 28.50, 28.25, 28.25, 31.50, 32.50, 31.00, 27.75, 27.75, 27.75, 28.25, 28.50, 29.50, 30.00, 29.25, 28.75, 28.25, 27.25, 28.75, 31.25, 30.75, 29.00, 31.00, 28.50, 27.50, 28.75, 30.50, 32.00, 31.25, 30.25, 29.75, 27.00, 26.50, 28.25, 29.00, 29.25, 31.75, 30.25, 28.00, 27.50, 27.00, 
8.50, 24.80, 88, 468, 1, 0, 133, 131, 164, -1.55, -0.56, 0.82, 1.04, -0.03, -0.12, 28.00, 28.00, 27.75, 28.75, 29.25, 29.25, 30.00, 29.50, 28.50, 27.25, 26.25, 30.00, 32.50, 30.25, 27.00, 28.00, 28.75, 28.25, 26.00, 32.25, 32.50, 29.50, 27.00, 27.00, 28.00, 28.25, 28.50, 31.75, 32.00, 28.75, 27.50, 27.75, 27.75, 28.00, 28.75, 29.25, 28.50, 28.00, 28.25, 27.75, 27.50, 28.50, 31.75, 30.50, 29.00, 31.00, 28.25, 27.75, 28.75, 30.50, 32.00, 31.75, 30.00, 30.00, 26.50, 26.75, 27.25, 29.50, 29.00, 31.75, 30.25, 28.00, 28.25, 27.00, 
8.50, 24.80, 89, 506, 0, 0, 136, 129, 164, -1.66, -0.53, 0.74, 1.05, -0.03, -0.12, 28.00, 28.25, 27.50, 29.25, 29.00, 28.75, 29.25, 29.25, 28.50, 27.00, 26.00, 30.25, 32.00, 29.75, 27.00, 28.00, 29.00, 28.25, 25.75, 32.25, 32.50, 29.00, 26.75, 27.00, 28.00, 28.75, 28.00, 31.50, 31.75, 28.00, 27.75, 27.75, 27.75, 27.75, 28.00, 28.75, 27.75, 27.50, 28.00, 28.00, 27.75, 28.25, 30.75, 30.25, 28.50, 30.75, 28.00, 27.50, 28.00, 29.75, 31.50, 31.50, 30.00, 29.75, 26.50, 26.75, 27.00, 29.25, 29.50, 31.75, 30.25, 27.75, 28.00, 26.75, 
8.50, 24.80, 88, 499, 1, 0, 131, 129, 164, -1.47, -0.72, 0.67, 1.04, -0.03, -0.11, 27.50, 28.00, 27.50, 29.25, 29.00, 28.50, 29.75, 29.75, 28.75, 27.50, 26.50, 29.50, 32.50, 30.00, 27.00, 27.25, 28.50, 28.00, 25.75, 32.25, 32.00, 29.25, 27.25, 27.25, 28.25, 28.25, 28.25, 31.50, 32.00, 29.25, 27.75, 27.75, 27.75, 28.25, 28.50, 29.00, 28.50, 28.50, 28.75, 28.25, 27.00, 28.50, 31.25, 30.75, 28.75, 30.75, 29.00, 27.75, 28.50, 30.50, 31.50, 31.75, 30.25, 30.25, 26.50, 26.75, 27.50, 29.00, 28.75, 31.75, 30.50, 27.50, 27.75, 27.50, 
8.50, 24.80, 88, 487, 0, 0, 133, 132, 163, -1.82, -0.51, 0.71, 1.04, -0.03, -0.11, 27.75, 28.25, 27.50, 28.25, 29.25, 28.75, 29.25, 29.50, 28.25, 27.00, 25.75, 29.50, 32.25, 30.25, 27.00, 27.50, 28.75, 27.75, 26.00, 32.50, 32.50, 29.25, 27.00, 27.25, 28.00, 28.00, 28.25, 31.75, 32.00, 29.25, 27.75, 27.75, 27.50, 28.00, 28.50, 29.25, 29.75, 27.75, 28.00, 28.00, 26.75, 28.50, 31.25, 30.25, 28.50, 30.50, 28.25, 27.75, 28.25, 30.25, 31.75, 31.50, 30.00, 30.25, 26.50, 26.50, 28.00, 28.50, 29.00, 31.50, 30.25, 27.75, 27.25, 27.75, 
8.50, 24.80, 88, 520, 0, 0, 135, 129, 164, -1.82, -0.79, 0.74, 1.04, -0.03, -0.12, 28.00, 28.25, 27.50, 29.00, 29.00, 29.00, 29.25, 29.75, 28.00, 26.75, 25.75, 29.25, 32.00, 30.00, 27.00, 27.75, 28.50, 28.25, 25.75, 31.75, 32.50, 28.75, 26.75, 27.00, 27.75, 27.75, 28.25, 32.00, 32.00, 29.75, 27.75, 26.75, 27.50, 27.25, 28.00, 29.75, 30.00, 28.25, 28.00, 28.25, 27.00, 27.50, 30.75, 30.25, 29.00, 30.25, 28.75, 27.25, 28.00, 30.50, 31.50, 31.75, 30.00, 29.75, 26.50, 26.75, 27.25, 29.00, 28.75, 31.50, 30.25, 28.00, 27.50, 27.50, 
8.50, 24.80, 88, 479, 0, 0, 132, 131, 165, -1.60, -0.59, 0.56, 1.04, -0.03, -0.12, 28.25, 28.25, 27.50, 28.50, 29.25, 28.75, 29.50, 30.25, 28.50, 26.50, 26.00, 29.50, 32.00, 29.75, 26.75, 27.50, 28.50, 28.25, 25.75, 32.00, 32.25, 29.00, 26.75, 27.25, 28.00, 28.25, 28.50, 31.75, 32.25, 29.00, 27.75, 27.50, 27.50, 28.00, 28.25, 29.50, 29.00, 28.25, 27.75, 28.25, 27.00, 28.50, 31.00, 30.75, 28.75, 30.50, 28.50, 27.50, 28.25, 30.00, 31.25, 31.75, 29.75, 30.00, 26.50, 26.50, 27.25, 28.50, 29.50, 31.50, 30.25, 27.75, 27.00, 27.25, 
8.40, 24.70, 88, 503, 1, 0, 135, 131, 164, -1.66, -0.65, 0.76, 1.05, -0.03, -0.11, 28.00, 27.75, 27.50, 28.75, 29.25, 28.50, 29.50, 29.75, 29.25, 27.50, 26.25, 30.00, 32.50, 29.75, 26.75, 27.00, 28.75, 28.00, 26.25, 32.50, 32.50, 29.00, 26.50, 26.75, 28.00, 27.75, 28.25, 31.75, 32.00, 28.75, 27.25, 27.25, 27.50, 27.75, 28.50, 29.50, 28.75, 27.50, 28.00, 28.25, 26.75, 28.00, 31.00, 31.00, 29.00, 30.50, 28.50, 27.00, 28.75, 30.25, 31.50, 31.75, 30.25, 29.75, 26.25, 26.50, 27.25, 29.25, 29.00, 31.75, 30.50, 28.00, 28.00, 27.25, 
8.40, 24.70, 88, 516, 0, 0, 132, 131, 164, -1.69, -0.74, 0.71, 1.03, -0.03, -0.11, 28.00, 28.00, 27.75, 29.25, 29.50, 29.00, 29.50, 29.75, 29.25, 27.00, 26.25, 30.25, 32.50, 29.50, 26.75, 27.75, 28.50, 28.00, 26.50, 32.25, 32.50, 28.75, 26.50, 27.00, 28.25, 28.50, 28.00, 32.00, 32.25, 28.50, 27.50, 27.50, 27.50, 27.75, 28.50, 30.00, 29.25, 27.50, 28.50, 28.75, 27.00, 28.00, 31.00, 30.75, 28.75, 30.75, 28.50, 27.50, 28.50, 30.50, 31.75, 32.00, 30.50, 30.00, 27.00, 26.75, 27.75, 28.25, 28.75, 32.00, 30.25, 27.75, 27.50, 27.25, 
8.50, 24.80, 88, 482, 0, 0, 133, 131, 164, -1.73, -0.73, 0.65, 1.05, -0.03, -0.11, 27.75, 28.00, 27.25, 28.75, 29.00, 28.75, 29.25, 29.25, 28.00, 27.00, 26.00, 30.25, 32.25, 29.50, 26.75, 27.50, 28.75, 27.50, 26.50, 32.25, 32.25, 28.75, 26.50, 27.00, 28.00, 28.00, 28.25, 31.50, 31.75, 28.00, 27.25, 27.50, 27.50, 27.75, 28.25, 29.00, 28.50, 26.75, 28.00, 27.75, 26.75, 27.75, 31.25, 30.25, 28.50, 30.75, 28.50, 27.50, 28.50, 30.50, 31.50, 31.75, 29.25, 30.00, 26.50, 26.50, 27.50, 28.50, 29.25, 31.50, 30.50, 27.25, 27.00, 26.75, 
8.50, 24.80, 88, 511, 0, 0, 136, 129, 164, -1.60, -0.49, 0.63, 1.04, -0.03, -0.11, 28.25, 28.50, 28.00, 29.00, 29.25, 29.00, 29.50, 29.50, 28.50, 27.25, 26.75, 31.25, 32.00, 29.00, 27.25, 27.50, 28.75, 28.50, 28.50, 33.00, 32.75, 28.25, 26.75, 26.00, 27.75, 28.50, 29.00, 32.00, 31.50, 26.00, 26.75, 27.50, 27.75, 27.75, 28.25, 29.25, 27.00, 27.00, 28.00, 28.25, 27.00, 28.00, 30.75, 30.50, 28.25, 30.25, 28.50, 28.25, 28.75, 30.50, 31.25, 31.50, 30.00, 30.00, 26.75, 26.75, 27.50, 29.00, 29.50, 32.00, 30.75, 28.00, 27.75, 27.50, 
8.40, 24.70, 88, 500, 1, 0, 131, 129, 164, -1.67, -0.66, 0.90, 1.04, -0.03, -0.12, 28.25, 28.25, 28.00, 28.75, 29.00, 29.00, 29.75, 29.50, 28.75, 27.00, 26.50, 30.50, 32.25, 29.75, 27.00, 27.75, 28.75, 28.00, 26.50, 32.50, 32.50, 29.00, 26.50, 27.00, 28.00, 28.25, 28.75, 32.75, 32.25, 28.75, 27.50, 28.00, 27.75, 28.25, 28.50, 30.75, 30.00, 27.00, 28.50, 28.25, 27.00, 28.50, 31.25, 30.50, 29.00, 31.00, 29.25, 28.25, 28.75, 30.00, 31.75, 31.25, 30.00, 30.50, 27.00, 26.75, 27.75, 29.00, 29.50, 32.00, 31.25, 27.75, 27.75, 27.50, 
8.40, 24.70, 88, 485, 0, 0, 135, 130, 164, -1.63, -0.53, 0.66, 1.04, -0.03, -0.11, 28.25, 28.50, 27.50, 29.50, 28.75, 28.75, 29.50, 29.75, 28.25, 27.00, 26.25, 30.00, 32.00, 29.75, 27.25, 27.75, 29.00, 28.25, 26.25, 32.50, 32.50, 29.00, 26.50, 26.75, 28.00, 28.25, 28.75, 32.75, 32.25, 29.25, 27.25, 27.75, 28.00, 28.25, 28.25, 31.25, 30.50, 27.00, 28.75, 28.25, 27.25, 27.75, 31.25, 30.75, 28.75, 30.50, 29.25, 28.25, 28.50, 30.50, 31.25, 32.00, 30.00, 30.50, 27.00, 26.75, 27.75, 29.25, 29.75, 32.00, 30.75, 27.75, 27.25, 27.50, 
8.50, 24.80, 88, 521, 1, 1, 133, 131, 164, -1.54, -0.77, 0.95, 1.04, -0.03, -0.11, 28.75, 28.50, 27.50, 29.50, 29.25, 29.25, 30.00, 30.00, 28.75, 27.50, 27.00, 30.50, 32.75, 29.50, 27.50, 28.00, 28.50, 28.50, 26.50, 32.25, 33.00, 29.25, 26.75, 27.00, 28.25, 28.50, 28.50, 32.50, 32.25, 29.50, 27.75, 27.50, 27.25, 27.75, 28.50, 29.75, 29.25, 27.25, 28.50, 28.00, 26.75, 28.25, 31.75, 31.00, 28.75, 30.75, 29.25, 28.00, 28.50, 30.50, 32.00, 31.50, 30.00, 30.00, 27.25, 27.00, 27.75, 29.25, 30.00, 32.25, 31.25, 28.25, 28.00, 27.50, 
8.50, 24.80, 88, 486, 1, 1, 132, 132, 164, -1.66, -0.56, 0.60, 1.04, -0.03, -0.12, 28.25, 28.50, 27.50, 29.00, 29.25, 29.50, 29.25, 29.75, 28.50, 27.25, 26.50, 30.00, 32.75, 30.00, 27.25, 27.25, 28.50, 28.25, 26.00, 32.75, 33.00, 29.50, 27.00, 27.00, 27.75, 28.25, 28.50, 32.50, 32.50, 29.50, 28.00, 27.50, 28.00, 28.00, 28.00, 30.00, 29.75, 27.75, 28.50, 28.50, 27.25, 28.50, 31.00, 30.50, 29.00, 30.75, 29.25, 28.50, 28.50, 30.50, 32.25, 32.00, 29.75, 30.25, 26.75, 27.00, 28.25, 29.25, 29.75, 32.50, 31.25, 28.00, 28.00, 27.50, 
8.50, 24.70, 88, 518, 0, 0, 136, 130, 164, -1.61, -0.64, 0.67, 1.04, -0.03, -0.10, 28.25, 28.25, 28.00, 29.00, 29.50, 28.50, 29.75, 30.00, 28.75, 27.25, 26.25, 29.75, 32.00, 30.00, 28.00, 27.75, 28.75, 28.75, 26.25, 32.25, 33.00, 29.50, 27.75, 27.00, 28.25, 28.25, 28.00, 32.00, 32.75, 30.50, 27.75, 27.75, 27.75, 28.25, 28.50, 30.00, 29.75, 28.00, 28.50, 28.75, 27.00, 28.50, 31.00, 30.75, 29.00, 30.75, 29.25, 28.50, 28.25, 30.50, 31.75, 32.00, 30.50, 30.50, 27.50, 27.00, 27.75, 29.50, 29.50, 32.25, 30.50, 28.00, 28.00, 26.75, 
8.50, 24.70, 89, 512, 0, 0, 132, 130, 164, -1.73, -0.68, 0.73, 1.04, -0.03, -0.11, 28.25, 28.75, 28.25, 29.00, 29.25, 29.25, 29.75, 29.75, 29.00, 27.00, 26.25, 30.00, 32.75, 30.25, 28.00, 28.50, 29.00, 28.75, 26.00, 32.25, 32.75, 29.25, 27.25, 27.25, 28.25, 28.50, 28.75, 32.25, 32.75, 30.50, 27.75, 28.00, 28.00, 28.25, 28.75, 30.50, 30.25, 28.00, 28.50, 28.75, 27.25, 28.25, 31.25, 31.00, 29.25, 31.00, 29.50, 28.25, 29.00, 30.75, 31.50, 32.00, 30.25, 31.00, 27.50, 27.50, 27.50, 29.50, 30.00, 32.50, 30.50, 28.50, 28.50, 28.00, 
8.50, 24.70, 88, 488, 1, 0, 134, 132, 165, -1.74, -0.42, 0.78, 1.04, -0.03, -0.11, 28.25, 28.50, 27.75, 29.25, 29.50, 28.75, 29.75, 30.00, 29.25, 27.25, 26.25, 30.25, 32.25, 30.00, 27.25, 28.00, 29.00, 28.50, 26.75, 32.25, 32.75, 29.50, 27.25, 27.25, 27.75, 28.50, 28.50, 33.00, 32.25, 29.75, 27.25, 27.75, 28.00, 28.00, 28.50, 30.50, 30.50, 27.75, 28.75, 28.25, 26.75, 28.50, 31.50, 30.75, 28.75, 31.00, 29.75, 28.25, 28.75, 31.00, 32.00, 32.00, 30.50, 30.25, 26.75, 26.75, 27.75, 29.25, 29.50, 32.25, 31.00, 27.75, 27.75, 27.75, 
8.50, 24.70, 88, 521, 0, 0, 135, 129, 164, -1.73, -0.64, 0.66, 1.04, -0.03, -0.11, 28.25, 28.25, 27.75, 29.00, 29.50, 29.25, 30.25, 29.75, 28.75, 27.00, 26.25, 30.00, 32.50, 29.75, 27.25, 28.25, 28.75, 27.75, 26.25, 32.25, 32.75, 29.50, 26.75, 27.25, 27.75, 28.50, 28.50, 32.25, 32.50, 29.50, 27.75, 27.00, 27.50, 27.75, 28.25, 30.25, 29.75, 27.50, 28.25, 28.50, 27.00, 28.00, 31.25, 30.75, 29.00, 30.75, 28.50, 28.25, 28.75, 30.75, 31.75, 31.75, 30.00, 30.25, 27.25, 27.25, 27.25, 29.50, 29.75, 32.00, 30.50, 27.75, 28.00, 27.50, 
8.50, 24.80, 88, 495, 0, 0, 132, 131, 164, -1.63, -0.44, 0.89, 1.04, -0.03, -0.12, 28.00, 28.50, 27.75, 28.75, 29.25, 28.50, 29.75, 29.75, 28.25, 26.75, 26.00, 30.00, 32.50, 29.50, 27.25, 27.75, 28.50, 28.25, 26.50, 32.50, 32.50, 29.50, 26.50, 27.00, 27.75, 28.25, 28.50, 32.25, 32.25, 29.75, 27.75, 28.00, 27.50, 27.75, 28.25, 29.25, 29.50, 27.50, 28.75, 28.50, 27.25, 27.75, 31.00, 30.50, 28.75, 30.50, 29.00, 28.00, 28.50, 30.00, 31.50, 31.75, 30.00, 30.50, 27.25, 26.75, 28.00, 28.75, 29.75, 32.00, 30.50, 28.25, 27.50, 27.50, 
8.50, 24.80, 88, 491, 0, 0, 134, 131, 164, -1.62, -0.72, 0.66, 1.04, -0.02, -0.11, 28.00, 28.25, 28.25, 29.25, 29.25, 29.25, 29.75, 29.75, 28.00, 27.00, 26.25, 31.00, 31.25, 28.75, 28.00, 27.75, 28.00, 27.75, 26.25, 33.00, 32.50, 29.00, 26.75, 27.75, 28.00, 28.00, 28.25, 32.75, 32.00, 29.00, 27.50, 28.00, 27.75, 27.75, 29.00, 29.25, 28.75, 28.25, 28.50, 28.00, 27.50, 28.50, 31.25, 30.00, 29.25, 30.50, 28.75, 27.75, 28.25, 30.00, 31.75, 31.75, 30.25, 29.50, 27.75, 27.25, 27.25, 29.00, 29.50, 32.00, 30.50, 28.00, 27.50, 27.25, 
8.50, 24.70, 88, 519, 0, 0, 133, 130, 164, -1.53, -0.89, 0.67, 1.04, -0.03, -0.12, 28.75, 29.00, 28.25, 29.00, 28.75, 28.75, 29.75, 29.50, 28.50, 27.00, 26.25, 30.50, 31.00, 28.75, 27.25, 27.75, 28.00, 28.25, 26.50, 32.50, 32.50, 29.00, 27.00, 27.00, 28.25, 28.00, 28.50, 32.00, 32.25, 28.50, 27.50, 27.50, 27.50, 27.75, 28.25, 29.00, 28.75, 28.00, 28.25, 28.00, 26.75, 28.00, 31.50, 30.50, 28.75, 30.25, 28.25, 27.50, 28.50, 30.25, 32.00, 31.75, 30.00, 29.25, 26.75, 26.50, 27.25, 28.75, 29.50, 31.50, 30.25, 27.75, 27.75, 27.50, 
8.50, 24.70, 88, 483, 0, 0, 132, 131, 165, -1.79, -0.50, 0.89, 1.04, -0.03, -0.11, 28.50, 29.00, 28.25, 29.25, 29.50, 29.00, 29.75, 29.25, 28.50, 26.50, 26.50, 30.75, 31.75, 28.50, 27.00, 28.00, 29.00, 28.50, 26.75, 32.75, 32.50, 28.75, 26.75, 27.00, 28.00, 28.00, 28.75, 32.25, 32.00, 28.00, 27.75, 27.50, 27.50, 27.75, 28.25, 29.50, 28.75, 27.50, 28.00, 28.25, 27.25, 27.75, 31.00, 30.50, 28.75, 30.50, 28.50, 28.25, 28.25, 30.25, 31.50, 31.50, 30.00, 30.25, 26.50, 26.50, 27.25, 28.75, 29.25, 32.00, 30.25, 28.00, 27.75, 28.00, 
9.80, 24.80, 89, 513, 1, 1, 136, 130, 164, -1.72, -0.50, 0.77, 1.04, -0.03, -0.11, 28.50, 28.75, 28.25, 28.75, 29.00, 28.75, 29.50, 29.75, 28.50, 27.00, 26.25, 30.00, 31.50, 28.75, 27.75, 27.00, 29.00, 28.50, 26.25, 32.50, 32.75, 28.75, 26.75, 26.75, 28.00, 28.00, 28.75, 32.50, 32.25, 28.50, 27.50, 27.50, 27.75, 27.50, 28.25, 29.75, 29.50, 27.50, 28.25, 28.25, 26.75, 28.00, 31.00, 30.50, 28.75, 30.25, 28.75, 27.50, 28.50, 30.25, 31.50, 32.00, 30.25, 30.50, 27.25, 26.75, 27.25, 29.25, 29.25, 32.25, 31.00, 28.50, 27.50, 27.50, 
9.80, 24.80, 88, 520, 0, 0, 132, 130, 164, -1.56, -0.56, 0.63, 1.04, -0.03, -0.11, 27.75, 28.75, 28.50, 28.50, 29.00, 28.75, 30.00, 29.75, 28.50, 26.75, 26.50, 30.75, 31.75, 28.75, 27.50, 28.00, 29.50, 28.25, 26.25, 32.75, 32.50, 28.50, 27.00, 26.75, 28.00, 28.50, 29.00, 32.25, 32.00, 28.25, 27.00, 27.75, 27.75, 27.50, 28.00, 29.75, 29.00, 27.25, 28.50, 28.00, 27.25, 28.25, 31.00, 30.75, 28.75, 30.50, 28.50, 27.75, 28.75, 30.25, 31.50, 31.50, 30.00, 29.75, 27.50, 27.00, 27.50, 29.00, 29.25, 31.75, 31.00, 27.75, 27.75, 27.50, 
10.10, 24.80, 89, 483, 0, 0, 133, 131, 164, -1.60, -0.52, 0.69, 1.03, -0.03, -0.11, 28.25, 29.00, 28.75, 28.75, 29.00, 28.50, 29.25, 29.00, 28.50, 26.75, 26.25, 30.25, 31.25, 29.00, 27.00, 28.00, 28.00, 28.00, 26.75, 32.50, 32.50, 29.00, 26.25, 26.50, 27.75, 28.25, 29.00, 31.75, 32.00, 28.00, 27.25, 27.25, 27.25, 27.50, 28.50, 30.75, 29.50, 27.25, 28.25, 28.00, 26.75, 27.75, 31.00, 30.50, 28.75, 30.50, 28.50, 27.25, 27.75, 30.00, 31.25, 31.75, 29.75, 30.00, 27.00, 26.75, 27.75, 28.75, 29.25, 31.50, 31.00, 27.50, 27.50, 27.00, 
10.10, 24.80, 88, 518, 0, 0, 135, 129, 164, -1.63, -0.45, 0.76, 1.04, -0.03, -0.11, 28.25, 28.50, 28.25, 28.75, 29.00, 29.00, 29.50, 29.25, 28.75, 26.75, 26.25, 30.50, 31.25, 29.00, 27.25, 27.50, 28.75, 28.00, 26.25, 32.50, 32.50, 28.75, 26.25, 26.00, 27.50, 28.25, 28.50, 32.50, 31.75, 28.75, 27.00, 27.50, 27.25, 27.50, 28.25, 30.75, 29.50, 27.50, 28.00, 28.50, 27.25, 27.75, 31.25, 30.25, 28.75, 30.50, 28.25, 28.00, 28.00, 30.00, 31.50, 31.75, 30.00, 30.00, 26.75, 26.50, 27.00, 29.00, 29.25, 32.00, 30.75, 28.00, 27.25, 27.00, 
10.00, 24.80, 88, 482, 0, 0, 133, 130, 164, -1.80, -0.53, 0.82, 1.04, -0.03, -0.11, 27.75, 28.50, 28.00, 28.50, 29.00, 29.00, 29.50, 29.25, 28.25, 26.50, 25.75, 30.00, 31.50, 28.50, 26.75, 27.50, 28.25, 28.00, 26.00, 32.00, 32.00, 28.50, 26.50, 26.75, 27.50, 27.75, 28.25, 31.75, 32.00, 28.50, 27.50, 27.50, 27.50, 27.00, 27.50, 29.50, 28.75, 27.50, 27.75, 28.00, 26.75, 27.25, 30.50, 30.75, 28.00, 30.25, 28.00, 27.50, 28.50, 29.50, 31.25, 32.00, 30.00, 30.00, 26.25, 26.50, 27.00, 28.75, 28.75, 31.50, 30.25, 27.50, 27.50, 27.00, 
10.00, 24.80, 88, 520, 0, 0, 136, 130, 164, -1.48, -0.66, 0.87, 1.04, -0.03, -0.10, 28.25, 28.50, 28.00, 28.50, 29.00, 28.75, 29.00, 29.50, 28.00, 26.25, 26.00, 30.00, 31.00, 28.75, 26.75, 27.25, 28.50, 27.75, 25.50, 32.00, 32.00, 28.25, 26.25, 26.50, 27.50, 27.50, 28.25, 32.00, 31.50, 28.75, 27.00, 26.75, 27.25, 27.75, 28.00, 29.75, 29.50, 27.50, 28.00, 28.25, 26.75, 27.25, 30.50, 30.75, 28.50, 30.50, 28.00, 27.75, 29.00, 30.00, 31.25, 31.75, 29.75, 30.00, 27.00, 26.25, 26.75, 28.75, 28.75, 31.50, 30.50, 28.00, 27.25, 27.25, 
9.90, 24.80, 88, 485, 1, 0, 131, 132, 165, -1.65, -0.64, 0.94, 1.04, -0.03, -0.11, 28.25, 28.50, 28.00, 28.50, 29.25, 28.25, 29.75, 29.50, 29.00, 27.00, 26.50, 30.25, 31.50, 29.00, 27.00, 27.25, 28.75, 28.00, 26.50, 32.75, 32.25, 28.50, 26.50, 26.75, 28.00, 28.25, 29.00, 32.25, 32.00, 28.50, 27.75, 27.25, 27.75, 27.50, 28.50, 30.50, 29.50, 27.50, 28.00, 28.25, 27.00, 27.75, 31.00, 30.75, 28.75, 30.75, 28.75, 27.50, 28.25, 30.25, 31.50, 31.75, 29.75, 29.50, 26.75, 26.00, 27.50, 29.00, 29.00, 31.25, 30.50, 27.50, 27.75, 26.50, 
9.90, 24.80, 88, 499, 0, 0, 134, 131, 164, -1.56, -0.50, 0.96, 1.04, -0.04, -0.11, 28.50, 29.00, 28.50, 29.00, 29.25, 28.50, 29.25, 29.25, 28.50, 27.00, 26.75, 30.50, 31.50, 28.75, 27.25, 27.75, 28.25, 28.00, 26.75, 33.00, 32.75, 28.75, 26.75, 26.75, 27.50, 28.50, 28.50, 32.00, 32.25, 28.25, 27.00, 27.25, 27.00, 27.50, 28.25, 30.25, 29.25, 27.75, 28.00, 28.50, 27.50, 28.25, 31.25, 30.75, 29.25, 30.75, 29.00, 27.75, 28.25, 29.75, 31.25, 31.75, 30.00, 30.00, 26.50, 26.50, 27.00, 28.50, 29.00, 31.25, 30.75, 27.75, 27.50, 27.25, 
9.80, 24.80, 89, 515, 1, 0, 134, 129, 164, -1.74, -0.78, 0.82, 1.04, -0.03, -0.11, 28.25, 28.50, 28.75, 28.50, 29.25, 28.75, 29.50, 29.50, 28.75, 27.00, 26.50, 30.25, 31.75, 29.00, 27.00, 27.75, 28.50, 27.75, 26.00, 32.75, 32.25, 28.75, 26.50, 26.75, 27.75, 28.25, 28.50, 32.25, 32.00, 28.75, 27.25, 27.00, 27.50, 27.50, 28.25, 30.00, 29.25, 27.25, 28.50, 27.75, 27.00, 28.00, 31.50, 31.00, 28.50, 30.75, 28.25, 27.75, 28.50, 30.25, 31.75, 32.00, 30.00, 30.00, 26.25, 26.50, 27.50, 29.00, 29.50, 31.50, 30.75, 27.50, 27.50, 27.00, 
9.80, 24.80, 88, 488, 0, 0, 131, 131, 165, -1.68, -0.73, 0.86, 1.04, -0.03, -0.11, 28.25, 29.00, 28.00, 28.50, 29.00, 28.75, 29.50, 30.00, 28.75, 26.75, 25.75, 29.75, 32.00, 29.50, 27.25, 28.00, 28.50, 28.25, 26.00, 32.00, 32.75, 29.25, 26.75, 27.00, 27.75, 27.75, 28.00, 31.25, 32.50, 30.25, 27.50, 27.00, 27.50, 27.50, 28.00, 29.25, 29.50, 28.25, 28.50, 28.50, 27.00, 28.00, 31.00, 30.75, 29.00, 31.00, 28.50, 27.50, 28.50, 30.00, 31.50, 32.00, 30.25, 30.25, 27.00, 26.75, 27.75, 28.75, 29.00, 31.25, 31.00, 27.75, 27.75, 27.00, 
9.70, 24.80, 89, 506, 1, 0, 135, 130, 164, -1.55, -0.72, 0.78, 1.04, -0.03, -0.12, 28.25, 29.25, 28.75, 29.00, 29.25, 28.50, 29.50, 29.50, 29.00, 26.75, 26.75, 31.00, 31.50, 29.00, 27.25, 27.50, 28.75, 28.00, 27.00, 33.00, 33.00, 29.00, 26.50, 26.75, 27.75, 28.25, 28.50, 32.75, 32.25, 27.75, 27.25, 27.50, 27.50, 27.75, 28.25, 30.00, 29.00, 27.50, 28.50, 28.25, 27.00, 27.50, 31.00, 30.75, 28.50, 30.75, 28.50, 27.50, 28.25, 30.25, 32.00, 32.25, 30.25, 30.25, 26.75, 26.75, 27.25, 29.00, 29.25, 31.75, 30.50, 27.75, 27.75, 27.25, 
9.70, 24.80, 88, 512, 0, 0, 132, 130, 164, -1.66, -0.47, 0.89, 1.04, -0.03, -0.11, 28.25, 29.50, 28.75, 29.00, 29.50, 28.75, 30.00, 29.75, 28.75, 27.00, 26.75, 30.50, 32.00, 28.75, 27.25, 27.00, 29.00, 28.25, 27.00, 32.75, 32.25, 28.50, 26.50, 27.25, 28.25, 27.75, 28.50, 32.50, 32.00, 27.75, 27.50, 27.25, 27.75, 27.75, 28.25, 30.00, 29.50, 27.25, 28.50, 28.00, 27.00, 27.75, 31.00, 31.00, 28.75, 30.50, 29.00, 27.75, 28.50, 30.00, 32.00, 31.75, 30.25, 30.00, 27.25, 26.50, 27.50, 29.00, 29.50, 32.00, 31.00, 27.75, 27.50, 27.25, 
9.60, 24.80, 89, 480, 1, 0, 133, 132, 164, -1.69, -0.82, 0.72, 1.04, -0.03, -0.11, 28.00, 29.00, 28.50, 29.00, 29.25, 28.75, 29.25, 29.25, 28.25, 26.75, 26.25, 30.75, 31.25, 28.75, 26.75, 27.00, 28.75, 28.25, 26.75, 32.75, 32.50, 28.25, 27.00, 26.75, 27.25, 28.00, 28.75, 32.25, 31.50, 27.50, 27.25, 27.25, 27.50, 27.50, 28.00, 29.75, 28.50, 27.25, 28.00, 28.25, 27.00, 27.75, 31.00, 30.75, 28.50, 31.00, 28.50, 27.50, 28.75, 30.00, 31.50, 31.50, 29.75, 30.00, 26.50, 26.50, 27.25, 29.00, 29.00, 31.75, 30.25, 28.25, 27.75, 27.00, 
9.60, 24.80, 89, 517, 0, 0, 135, 130, 164, -1.77, -0.54, 0.80, 1.04, -0.03, -0.11, 28.50, 28.75, 28.25, 29.25, 29.50, 28.50, 30.00, 29.75, 28.25, 27.00, 26.50, 30.75, 31.75, 28.75, 27.50, 27.75, 29.00, 28.25, 26.75, 32.25, 32.75, 28.75, 26.75, 27.25, 28.00, 27.75, 28.25, 31.75, 32.00, 28.00, 27.25, 28.00, 27.75, 27.75, 28.50, 29.75, 28.50, 27.75, 28.00, 28.50, 27.00, 27.75, 31.25, 31.00, 28.75, 31.00, 29.25, 27.50, 28.50, 29.75, 31.75, 31.75, 30.25, 30.25, 27.00, 27.00, 27.50, 28.50, 29.50, 32.00, 30.75, 28.25, 27.25, 27.75, 
9.60, 24.80, 88, 489, 1, 0, 131, 131, 165, -1.60, -0.59, 0.77, 1.04, -0.04, -0.11, 28.50, 29.25, 28.50, 28.75, 29.25, 29.25, 29.75, 29.25, 28.75, 27.00, 26.75, 31.00, 31.50, 29.25, 26.75, 27.50, 28.50, 29.00, 26.50, 32.75, 32.50, 29.25, 27.00, 27.00, 27.50, 28.25, 28.25, 32.00, 32.25, 28.25, 27.75, 27.75, 27.75, 27.50, 28.00, 29.50, 28.75, 27.75, 28.50, 28.50, 27.25, 28.25, 31.00, 31.25, 29.00, 30.50, 28.50, 27.75, 29.25, 30.25, 31.75, 31.50, 30.00, 30.50, 27.00, 26.75, 27.75, 29.00, 29.50, 32.00, 31.25, 28.50, 28.25, 27.00, 
9.60, 24.80, 88, 505, 0, 0, 134, 131, 164, -1.79, -0.52, 0.87, 1.04, -0.03, -0.11, 27.50, 28.50, 28.00, 28.75, 28.75, 28.75, 29.50, 29.25, 28.50, 26.50, 26.25, 30.50, 31.75, 28.75, 27.00, 27.25, 28.50, 28.00, 26.25, 32.75, 32.50, 28.50, 26.50, 27.00, 27.75, 27.75, 28.25, 32.25, 31.75, 28.00, 27.25, 26.75, 27.50, 27.50, 28.00, 29.75, 28.75, 28.00, 28.25, 28.00, 26.50, 27.75, 31.00, 30.75, 29.00, 30.50, 28.25, 27.25, 28.00, 29.75, 31.25, 31.25, 29.50, 30.00, 26.50, 26.25, 27.00, 28.75, 28.75, 32.00, 30.50, 27.75, 28.00, 26.75, 
9.40, 24.70, 88, 508, 1, 0, 131, 131, 164, -1.92, -0.55, 0.59, 1.04, -0.03, -0.12, 28.50, 28.75, 28.75, 29.00, 29.25, 29.25, 29.75, 29.25, 28.50, 27.25, 26.50, 30.75, 31.75, 29.00, 27.00, 27.75, 28.75, 28.25, 26.75, 32.75, 32.50, 29.00, 26.75, 26.75, 28.25, 28.25, 28.75, 32.50, 32.25, 28.25, 27.50, 27.75, 27.75, 28.00, 28.50, 29.75, 29.25, 28.00, 28.75, 28.25, 27.25, 28.00, 31.50, 30.75, 28.75, 30.25, 28.75, 27.75, 29.00, 30.00, 32.00, 32.25, 30.25, 30.75, 27.00, 27.00, 27.50, 29.75, 29.25, 31.75, 31.50, 27.75, 28.00, 27.00, 
9.40, 24.70, 88, 502, 0, 0, 135, 131, 164, -1.66, -0.70, 0.89, 1.05, -0.03, -0.12, 28.50, 29.00, 28.25, 29.00, 29.00, 28.75, 29.25, 29.75, 28.50, 26.75, 26.50, 29.50, 31.75, 29.00, 27.25, 27.75, 29.00, 28.00, 25.75, 32.25, 32.75, 29.50, 26.50, 27.25, 27.75, 28.00, 28.00, 32.00, 32.50, 29.75, 27.50, 27.75, 28.00, 27.25, 28.25, 28.50, 29.50, 28.00, 28.50, 28.50, 27.50, 27.75, 31.00, 30.75, 28.50, 31.00, 29.25, 28.25, 28.50, 30.50, 31.50, 32.00, 30.25, 30.25, 27.25, 26.75, 28.00, 28.75, 29.50, 32.00, 31.00, 28.25, 27.75, 27.25, 
9.40, 24.80, 88, 518, 1, 0, 132, 129, 165, -1.64, -0.67, 0.56, 1.04, -0.03, -0.11, 28.75, 29.00, 28.50, 28.75, 29.00, 28.75, 29.50, 29.75, 28.75, 26.75, 26.50, 30.50, 32.00, 29.00, 26.75, 27.25, 28.25, 28.00, 26.50, 32.75, 32.75, 29.00, 26.50, 27.00, 28.25, 28.00, 28.75, 32.50, 32.25, 29.25, 27.50, 27.00, 27.50, 27.75, 28.25, 30.25, 30.00, 27.75, 28.75, 28.00, 27.25, 28.00, 31.25, 30.25, 29.00, 30.75, 29.00, 27.75, 28.75, 30.50, 32.00, 32.25, 30.00, 30.75, 27.00, 26.75, 27.25, 29.50, 29.50, 32.00, 31.00, 27.75, 27.50, 27.00, 
9.40, 24.80, 88, 483, 0, 0, 134, 130, 164, -1.61, -0.57, 0.77, 1.04, -0.03, -0.11, 28.00, 28.75, 28.50, 28.75, 29.50, 28.25, 29.50, 29.50, 28.75, 26.75, 26.25, 31.00, 31.75, 29.25, 27.25, 27.75, 29.00, 28.00, 26.00, 32.25, 32.75, 29.00, 26.50, 26.50, 27.25, 28.00, 28.50, 32.75, 32.00, 28.75, 27.50, 27.25, 27.75, 27.25, 28.25, 29.75, 29.50, 27.50, 28.00, 28.00, 27.00, 28.25, 31.00, 30.50, 28.75, 30.50, 28.75, 27.50, 28.25, 30.00, 31.50, 32.00, 30.00, 30.25, 26.75, 27.25, 27.25, 29.00, 29.25, 32.25, 30.50, 28.25, 27.25, 27.25, 
9.40, 24.80, 88, 521, 1, 0, 135, 130, 164, -1.68, -0.56, 0.80, 1.03, -0.02, -0.11, 28.00, 28.75, 28.25, 28.50, 28.50, 28.50, 30.25, 29.00, 28.50, 26.75, 26.75, 30.50, 31.50, 29.25, 27.00, 28.00, 28.50, 28.00, 26.50, 32.25, 32.50, 28.50, 26.25, 26.50, 27.25, 27.75, 28.00, 32.25, 32.00, 29.00, 27.50, 27.50, 27.50, 27.50, 28.25, 29.75, 29.00, 27.50, 28.25, 28.50, 26.75, 27.75, 31.00, 30.50, 28.75, 30.75, 29.00, 27.25, 28.75, 30.25, 31.75, 32.00, 30.00, 30.00, 27.25, 26.75, 27.25, 29.00, 28.75, 32.25, 30.75, 27.75, 27.00, 27.00, 
9.40, 24.80, 89, 495, 0, 1, 131, 131, 165, -1.61, -0.62, 0.63, 1.04, -0.03, -0.11, 28.25, 29.00, 28.25, 29.00, 28.75, 28.00, 29.25, 29.25, 28.25, 26.50, 26.50, 30.50, 31.50, 29.00, 27.25, 27.00, 28.75, 28.25, 25.75, 32.25, 32.75, 28.75, 26.75, 27.00, 27.50, 28.00, 28.25, 31.75, 31.75, 29.00, 27.00, 27.00, 27.75, 28.00, 28.00, 29.75, 29.25, 27.25, 28.25, 28.25, 27.00, 27.75, 30.75, 30.50, 28.25, 30.50, 28.50, 28.00, 28.25, 30.25, 31.25, 32.00, 30.00, 30.00, 26.75, 26.25, 27.25, 29.00, 29.00, 32.50, 31.00, 27.50, 27.75, 27.00, 
9.40, 24.80, 89, 510, 1, 1, 136, 129, 164, -1.53, -0.77, 0.81, 1.04, -0.03, -0.10, 28.00, 28.75, 28.00, 29.00, 29.50, 28.75, 29.50, 29.50, 28.50, 27.00, 26.25, 30.75, 31.50, 29.25, 26.75, 27.00, 28.25, 27.75, 26.00, 32.00, 32.25, 28.25, 26.00, 26.75, 27.75, 27.75, 28.25, 32.00, 32.00, 28.25, 27.00, 27.00, 27.25, 27.25, 28.25, 29.25, 28.75, 27.50, 27.75, 28.00, 26.75, 27.50, 30.50, 30.50, 28.50, 30.50, 29.00, 27.75, 28.25, 29.25, 31.25, 31.50, 30.00, 29.75, 26.75, 26.25, 27.00, 29.00, 29.00, 31.50, 31.25, 28.00, 27.25, 27.00, 
9.40, 24.80, 88, 525, 0, 0, 131, 131, 165, -1.60, -0.63, 0.76, 1.05, -0.03, -0.10, 28.25, 29.50, 28.75, 28.75, 28.75, 28.75, 29.25, 29.50, 28.50, 27.00, 26.00, 30.25, 31.75, 29.00, 27.00, 27.75, 29.00, 28.00, 26.50, 32.50, 32.75, 29.25, 26.50, 27.25, 28.00, 28.25, 28.50, 32.25, 32.25, 28.50, 27.75, 27.75, 27.75, 27.75, 28.25, 29.50, 28.75, 27.50, 28.25, 28.25, 27.25, 27.75, 31.00, 30.75, 29.00, 30.75, 28.75, 27.75, 28.25, 30.50, 31.50, 31.75, 30.25, 30.50, 26.50, 27.25, 27.50, 29.00, 29.50, 32.25, 31.25, 28.00, 27.50, 27.50, 
9.40, 24.80, 89, 491, 1, 0, 134, 131, 164, -1.58, -0.69, 0.71, 1.04, -0.03, -0.11, 28.00, 28.50, 28.25, 28.75, 29.00, 29.00, 29.50, 29.00, 28.50, 27.00, 26.75, 30.75, 31.75, 28.50, 27.00, 27.75, 28.75, 28.25, 26.25, 32.25, 32.75, 29.25, 27.25, 26.75, 28.00, 28.25, 28.50, 32.25, 32.00, 28.50, 27.25, 27.00, 27.75, 27.75, 28.25, 30.00, 28.75, 27.50, 28.25, 28.75, 27.00, 28.00, 31.25, 31.00, 28.75, 30.75, 29.00, 27.75, 28.25, 30.25, 31.75, 32.00, 30.00, 30.50, 27.25, 26.75, 27.50, 29.50, 29.00, 32.00, 30.75, 28.00, 27.50, 27.50, 
9.40, 24.80, 88, 522, 0, 0, 133, 131, 164, -1.53, -0.73, 1.03, 1.05, -0.03, -0.11, 28.00, 29.25, 28.50, 28.25, 29.00, 28.25, 29.50, 29.25, 27.75, 27.00, 26.25, 30.75, 31.50, 28.75, 27.25, 27.75, 28.75, 28.25, 26.25, 33.00, 32.25, 28.50, 26.25, 26.50, 27.75, 28.25, 28.50, 32.25, 32.25, 28.25, 27.25, 28.00, 27.50, 27.25, 28.00, 29.50, 28.75, 27.25, 28.00, 28.25, 27.00, 27.75, 30.50, 30.75, 28.75, 30.50, 28.75, 27.75, 28.50, 30.00, 31.25, 32.00, 30.00, 30.50, 27.25, 27.00, 27.00, 28.75, 29.25, 32.00, 30.75, 28.00, 28.00, 27.00, 
9.40, 24.80, 88, 498, 0, 0, 133, 130, 164, -1.69, -1.41, 1.55, 1.06, -0.04, -0.10, 28.25, 28.75, 28.25, 28.75, 29.25, 28.75, 29.50, 29.50, 28.50, 27.25, 26.50, 30.25, 31.25, 29.75, 27.25, 27.50, 29.00, 28.25, 26.00, 32.50, 32.50, 28.50, 27.00, 26.75, 28.00, 28.50, 28.50, 32.50, 32.00, 28.75, 27.50, 27.00, 27.75, 27.50, 28.25, 30.25, 29.25, 27.00, 28.00, 28.25, 27.25, 28.00, 31.00, 30.75, 28.75, 30.75, 29.00, 27.75, 28.25, 29.75, 31.50, 32.00, 30.00, 30.25, 27.00, 27.25, 27.50, 29.25, 29.25, 31.50, 31.25, 28.00, 28.00, 27.50, 
9.40, 24.80, 89, 534, 0, 0, 136, 129, 164, -1.65, -0.79, 0.82, 1.04, -0.03, -0.11, 28.00, 29.25, 28.50, 29.00, 28.75, 28.75, 29.50, 29.50, 28.50, 26.75, 26.50, 29.75, 31.25, 29.25, 27.50, 28.00, 29.00, 27.75, 25.75, 32.50, 32.50, 29.50, 27.00, 26.50, 28.25, 28.00, 28.25, 32.25, 32.50, 30.25, 27.50, 27.25, 28.00, 27.50, 28.00, 29.75, 30.50, 27.50, 28.25, 28.25, 27.25, 27.75, 30.50, 30.50, 29.00, 30.50, 29.25, 28.00, 28.25, 30.00, 31.75, 32.00, 30.00, 30.50, 26.75, 26.50, 27.25, 29.00, 29.50, 31.75, 31.00, 27.75, 27.75, 27.25, 
9.40, 24.80, 89, 507, 0, 0, 132, 130, 164, -1.69, -0.53, 0.60, 1.04, -0.03, -0.10, 28.50, 28.75, 28.50, 29.00, 29.25, 28.75, 29.00, 29.50, 28.00, 27.00, 25.75, 29.25, 30.75, 29.00, 27.25, 27.50, 28.25, 28.00, 25.75, 32.50, 32.50, 29.00, 26.50, 27.00, 28.25, 28.00, 28.25, 32.50, 32.50, 29.75, 27.25, 27.25, 27.75, 27.25, 27.75, 30.00, 30.25, 27.00, 28.00, 27.75, 26.75, 28.00, 30.00, 30.50, 29.00, 30.25, 28.75, 27.50, 28.25, 30.50, 31.50, 31.50, 30.00, 30.25, 27.00, 26.75, 27.00, 29.00, 29.00, 31.75, 30.50, 27.50, 27.50, 26.50, 
9.40, 24.80, 88, 529, 0, 0, 136, 130, 164, -1.89, -0.48, 0.44, 1.04, -0.03, -0.12, 28.50, 29.00, 29.00, 29.00, 29.25, 29.00, 29.75, 30.25, 28.50, 27.00, 26.25, 29.00, 31.25, 29.50, 27.75, 28.50, 29.00, 28.25, 25.50, 32.00, 32.75, 29.75, 27.25, 27.00, 28.25, 27.75, 28.00, 32.25, 32.25, 30.50, 27.50, 27.50, 28.00, 28.25, 28.00, 29.75, 30.50, 28.00, 28.50, 28.25, 27.25, 28.00, 30.75, 30.75, 29.25, 30.75, 29.25, 28.25, 28.25, 29.75, 31.75, 32.00, 30.00, 30.75, 27.25, 27.00, 28.00, 29.25, 29.00, 32.50, 31.00, 28.50, 28.25, 27.50, 
9.30, 24.70, 88, 521, 0, 0, 132, 130, 165, -1.64, -0.57, 0.74, 1.04, -0.03, -0.12, 28.25, 29.00, 28.25, 28.75, 29.25, 28.50, 29.50, 29.75, 28.00, 27.00, 26.00, 29.50, 31.50, 29.00, 27.50, 28.00, 28.50, 28.25, 25.50, 31.75, 32.50, 29.00, 27.25, 27.00, 28.25, 28.00, 28.00, 32.25, 32.25, 30.25, 27.50, 27.00, 28.25, 27.50, 27.75, 29.00, 30.00, 27.75, 28.75, 28.00, 27.25, 27.75, 30.50, 30.50, 28.75, 30.75, 29.00, 28.00, 29.00, 30.00, 31.50, 31.75, 30.00, 30.75, 27.75, 27.25, 27.25, 29.25, 29.75, 31.75, 30.75, 28.00, 28.25, 27.75, 
9.30, 24.70, 88, 517, 0, 0, 134, 132, 163, -1.80, -0.54, 0.70, 1.04, -0.04, -0.11, 28.25, 29.25, 28.25, 28.75, 28.75, 29.00, 29.75, 29.50, 28.00, 26.50, 26.00, 29.00, 31.25, 29.00, 27.75, 27.75, 28.50, 27.75, 25.00, 31.75, 32.50, 29.25, 26.50, 26.50, 27.50, 27.75, 28.00, 32.00, 31.75, 30.25, 28.00, 27.50, 28.50, 27.50, 27.75, 29.50, 30.25, 27.75, 28.75, 28.25, 27.00, 27.75, 30.25, 30.50, 28.75, 30.50, 28.75, 28.50, 28.00, 30.50, 31.25, 31.75, 29.50, 30.50, 27.25, 27.00, 27.25, 28.75, 29.00, 32.00, 30.50, 27.75, 27.75, 27.25, 
9.30, 24.80, 88, 532, 0, 0, 132, 131, 165, -1.69, -0.69, 0.58, 1.04, -0.03, -0.11, 28.25, 29.25, 28.25, 29.00, 28.75, 28.75, 29.75, 29.75, 28.50, 27.00, 26.00, 29.25, 31.25, 29.00, 27.75, 27.50, 29.00, 28.00, 25.25, 31.25, 32.75, 29.00, 26.75, 26.25, 28.25, 28.25, 27.50, 31.50, 32.00, 30.75, 27.25, 27.25, 28.00, 27.50, 27.75, 28.50, 29.75, 28.25, 28.00, 28.25, 27.50, 28.00, 30.25, 30.75, 28.50, 30.50, 29.00, 27.50, 27.75, 30.25, 31.00, 32.25, 29.75, 30.50, 27.25, 27.00, 27.75, 29.25, 29.50, 32.00, 30.75, 27.50, 27.50, 27.25, 
9.30, 24.80, 88, 506, 0, 0, 133, 132, 164, -1.46, -0.59, 0.48, 1.04, -0.03, -0.11, 28.25, 29.00, 28.50, 29.00, 29.00, 28.50, 29.25, 29.75, 28.25, 26.25, 26.00, 29.25, 31.00, 29.25, 27.50, 27.75, 28.50, 27.75, 25.75, 32.00, 33.25, 29.25, 27.00, 26.75, 27.75, 27.75, 28.00, 32.25, 32.00, 30.00, 27.00, 27.00, 28.00, 27.50, 27.75, 29.50, 30.00, 27.75, 28.00, 28.75, 27.25, 27.25, 30.75, 30.50, 29.25, 31.50, 29.00, 27.75, 28.75, 30.25, 31.00, 32.25, 29.75, 30.50, 27.25, 26.75, 27.50, 29.00, 29.50, 32.25, 31.00, 28.25, 27.75, 27.00, 
9.20, 24.80, 89, 535, 0, 0, 133, 129, 164, -1.86, -0.58, 0.79, 1.04, -0.03, -0.12, 28.50, 29.00, 28.25, 29.25, 28.75, 28.50, 29.75, 29.75, 28.50, 27.00, 26.50, 30.00, 31.25, 29.25, 27.75, 28.00, 28.75, 28.00, 25.50, 32.25, 32.25, 29.00, 27.00, 26.75, 27.75, 28.00, 28.00, 32.00, 32.25, 30.25, 27.00, 27.50, 27.75, 27.75, 28.25, 29.25, 30.25, 27.50, 28.25, 28.50, 27.50, 28.25, 30.25, 30.50, 29.25, 30.50, 28.50, 27.75, 28.00, 29.50, 31.50, 31.75, 30.25, 31.00, 27.00, 27.00, 27.50, 29.25, 29.50, 32.00, 30.75, 27.50, 28.25, 27.25, 
9.20, 24.80, 88, 500, 0, 0, 133, 132, 164, -1.79, -0.67, 0.73, 1.04, -0.03, -0.11, 28.25, 28.50, 28.50, 29.00, 28.75, 28.25, 29.50, 30.00, 28.00, 26.75, 26.00, 29.25, 31.50, 29.00, 27.75, 28.00, 28.75, 27.75, 25.25, 32.00, 32.50, 29.25, 27.00, 26.75, 27.50, 28.00, 28.00, 32.25, 32.25, 29.75, 27.75, 27.50, 27.50, 27.50, 27.75, 29.00, 29.00, 27.25, 28.00, 28.25, 27.25, 27.00, 30.75, 30.25, 28.50, 30.75, 29.00, 27.50, 28.50, 29.75, 31.25, 32.25, 30.00, 30.75, 26.75, 26.50, 27.25, 28.25, 29.00, 31.50, 31.00, 27.50, 27.75, 27.50, 
9.20, 24.80, 88, 536, 0, 0, 135, 129, 164, -1.62, -0.50, 0.79, 1.05, -0.03, -0.12, 28.00, 28.75, 28.50, 29.25, 29.00, 28.75, 29.50, 29.75, 28.00, 26.50, 26.50, 29.75, 31.00, 29.25, 27.50, 27.75, 29.25, 28.00, 25.75, 33.00, 32.75, 29.50, 26.75, 27.00, 28.00, 28.25, 28.25, 32.25, 32.25, 30.00, 27.50, 27.50, 27.75, 27.75, 28.25, 30.00, 30.00, 27.50, 28.50, 28.25, 27.50, 27.50, 31.00, 30.50, 29.00, 30.50, 28.75, 27.75, 28.25, 29.75, 31.75, 32.25, 30.00, 30.75, 27.25, 26.25, 27.50, 28.75, 29.00, 32.00, 31.00, 28.00, 28.25, 27.25, 
9.20, 24.80, 88, 503, 0, 0, 133, 130, 164, -1.64, -0.41, 0.56, 1.04, -0.03, -0.11, 27.75, 29.00, 28.50, 29.50, 29.00, 28.75, 29.25, 29.75, 28.00, 26.50, 26.00, 29.75, 31.25, 29.25, 28.00, 27.75, 28.25, 27.75, 25.25, 32.25, 32.50, 29.75, 26.50, 26.75, 27.75, 28.00, 28.25, 32.00, 32.25, 29.75, 27.00, 27.50, 27.25, 27.50, 27.25, 28.75, 29.50, 27.25, 28.25, 28.00, 27.00, 27.25, 30.75, 30.25, 28.75, 30.25, 28.75, 27.50, 28.75, 29.75, 31.75, 32.00, 30.50, 30.50, 26.75, 26.50, 27.25, 29.50, 29.25, 32.50, 30.75, 28.25, 27.75, 27.25, 
9.20, 24.80, 88, 535, 0, 0, 136, 129, 164, -1.65, -0.55, 0.94, 1.04, -0.03, -0.11, 27.75, 28.50, 28.25, 28.50, 28.75, 28.75, 29.00, 29.25, 27.75, 26.25, 25.50, 29.25, 30.75, 29.00, 27.25, 27.00, 28.00, 27.50, 25.50, 31.75, 32.25, 28.75, 26.50, 26.75, 27.75, 28.00, 27.75, 31.50, 32.00, 29.25, 27.00, 26.75, 27.50, 27.25, 27.75, 28.25, 29.00, 26.75, 28.00, 28.00, 26.50, 27.75, 30.00, 29.75, 28.75, 30.50, 29.00, 27.75, 28.00, 30.00, 31.25, 31.25, 29.75, 30.50, 26.50, 26.50, 27.00, 29.00, 28.75, 32.00, 30.50, 27.75, 28.00, 27.50, 
9.20, 24.80, 89, 516, 0, 0, 132, 130, 165, -1.67, -0.75, 0.77, 1.04, -0.04, -0.11, 27.50, 29.25, 28.75, 28.75, 28.75, 28.75, 29.50, 29.25, 28.25, 26.50, 25.75, 29.25, 31.25, 29.25, 27.25, 28.00, 28.25, 27.75, 25.50, 31.75, 32.25, 29.00, 26.75, 26.25, 27.75, 28.00, 28.00, 32.00, 32.75, 29.75, 27.25, 27.75, 27.75, 27.25, 28.00, 29.00, 30.00, 27.00, 28.00, 28.25, 26.75, 27.75, 30.25, 30.25, 28.50, 30.50, 29.00, 27.75, 28.50, 29.50, 31.50, 32.00, 30.00, 30.50, 27.00, 26.50, 27.75, 29.00, 29.25, 32.00, 30.75, 28.25, 28.00, 27.50, 
9.00, 24.80, 89, 519, 0, 0, 135, 130, 164, -1.50, -0.60, 0.83, 1.05, -0.03, -0.12, 28.00, 28.75, 28.50, 29.00, 28.50, 28.00, 29.25, 29.50, 27.75, 26.25, 26.25, 29.75, 31.50, 29.00, 27.25, 27.50, 28.75, 27.50, 25.25, 32.50, 32.25, 28.50, 26.25, 26.25, 28.00, 28.00, 28.25, 32.00, 32.00, 29.75, 27.00, 27.50, 27.75, 27.50, 28.00, 29.50, 30.00, 27.50, 28.25, 27.75, 26.75, 28.00, 30.75, 30.50, 29.00, 30.75, 28.75, 27.75, 28.25, 30.25, 31.50, 32.00, 30.25, 30.75, 27.25, 26.75, 27.50, 29.50, 29.25, 31.50, 31.25, 28.50, 27.50, 27.25, 
9.00, 24.80, 88, 450, 0, 0, 132, 131, 165, -1.84, -0.58, 0.59, 1.04, -0.03, -0.11, 27.00, 26.75, 26.00, 25.00, 29.25, 30.00, 29.00, 28.50, 27.75, 25.75, 24.50, 24.75, 31.50, 31.50, 27.50, 26.25, 29.75, 26.50, 23.50, 24.50, 31.25, 29.25, 26.50, 25.75, 30.25, 29.00, 27.00, 23.50, 26.50, 27.00, 25.00, 25.00, 31.50, 29.75, 27.75, 24.00, 23.50, 21.25, 24.50, 24.25, 31.75, 30.75, 28.00, 23.75, 24.25, 24.50, 24.75, 24.50, 32.00, 31.75, 30.00, 24.25, 25.00, 25.25, 24.75, 25.25, 28.25, 28.25, 28.00, 25.25, 26.00, 26.00, 27.00, 26.00, 
8.90, 24.80, 88, 400, 0, 1, 134, 132, 164, -1.77, -0.85, 0.66, 1.06, -0.02, -0.10, 24.75, 25.50, 25.50, 25.00, 27.00, 30.75, 29.75, 28.50, 25.00, 25.00, 24.75, 25.00, 31.75, 31.75, 28.75, 25.75, 24.50, 24.50, 23.25, 27.00, 31.75, 29.00, 27.25, 25.75, 24.25, 25.25, 24.50, 24.75, 29.50, 28.50, 26.00, 25.25, 25.75, 26.75, 25.50, 24.00, 24.25, 22.00, 24.75, 24.75, 26.00, 28.00, 27.50, 23.75, 23.75, 24.25, 24.25, 24.75, 28.00, 29.25, 30.25, 24.00, 25.00, 25.25, 25.25, 25.50, 26.75, 28.75, 27.50, 25.50, 25.75, 25.75, 26.25, 26.00, 
8.90, 24.80, 88, 437, 0, 1, 135, 131, 164, -1.70, -0.33, 0.54, 1.03, -0.03, -0.11, 24.75, 25.25, 25.50, 24.25, 25.50, 30.50, 30.50, 28.50, 24.50, 24.75, 24.25, 23.25, 29.25, 31.00, 28.75, 26.50, 24.75, 24.50, 22.75, 22.50, 29.00, 28.75, 27.25, 26.00, 24.00, 25.25, 24.25, 22.50, 24.25, 26.75, 25.25, 24.75, 26.00, 26.25, 25.75, 23.00, 23.50, 21.25, 24.50, 25.25, 26.50, 28.00, 27.50, 23.50, 24.00, 24.75, 25.00, 24.50, 27.75, 29.25, 29.75, 23.75, 25.50, 25.25, 25.00, 25.50, 26.75, 28.00, 27.50, 25.50, 25.50, 26.00, 26.50, 27.00, 
9.30, 24.80, 88, 387, 0, 0, 133, 132, 164, -1.82, -0.92, 0.52, 1.05, -0.03, -0.11, 25.00, 25.50, 25.50, 24.25, 25.25, 29.75, 30.00, 28.50, 24.75, 25.00, 24.00, 23.75, 27.00, 31.00, 29.50, 26.25, 24.25, 24.25, 23.00, 22.50, 28.00, 28.50, 28.25, 25.75, 24.25, 25.25, 24.25, 23.00, 24.75, 29.00, 26.00, 25.50, 25.75, 26.50, 26.25, 23.50, 23.50, 21.75, 24.75, 25.25, 26.25, 28.00, 27.75, 23.75, 24.50, 24.50, 25.00, 24.75, 27.75, 29.25, 29.75, 24.25, 25.25, 25.25, 24.50, 25.50, 26.25, 28.25, 27.50, 24.75, 26.00, 26.00, 26.25, 26.25, 
9.30, 24.80, 88, 435, 0, 0, 136, 131, 164, -1.66, -0.47, 0.85, 1.04, -0.02, -0.11, 24.50, 25.75, 26.00, 24.75, 25.75, 30.00, 30.00, 28.50, 24.25, 25.00, 24.00, 23.50, 27.75, 30.50, 29.25, 26.00, 24.25, 24.50, 23.00, 22.50, 29.00, 29.25, 28.25, 26.25, 24.25, 25.25, 24.25, 23.25, 26.25, 30.25, 26.00, 25.25, 26.00, 26.75, 26.00, 24.00, 23.75, 22.25, 24.75, 25.00, 26.25, 28.25, 27.50, 24.00, 24.00, 24.50, 24.50, 25.25, 27.75, 29.00, 30.00, 23.75, 24.75, 25.00, 24.50, 25.75, 26.50, 27.75, 27.50, 25.25, 25.75, 26.00, 26.25, 25.75, 
10.10, 24.70, 89, 409, 0, 0, 134, 130, 165, -1.60, -0.44, 0.69, 1.04, -0.02, -0.11, 24.25, 26.00, 25.50, 25.00, 26.00, 30.25, 30.25, 28.75, 25.00, 25.00, 24.50, 24.00, 27.25, 31.00, 29.75, 26.75, 24.25, 24.75, 23.00, 22.75, 28.50, 29.50, 28.75, 26.00, 24.50, 25.75, 24.75, 23.00, 26.25, 30.50, 26.75, 26.00, 25.75, 26.75, 26.25, 24.00, 24.00, 23.00, 25.25, 25.50, 26.75, 27.75, 27.75, 24.00, 24.25, 24.75, 25.00, 24.75, 28.00, 29.75, 29.75, 24.25, 25.50, 25.50, 25.25, 25.50, 26.75, 28.50, 28.50, 25.00, 25.75, 26.25, 26.75, 27.50, 
10.10, 24.70, 88, 449, 1, 0, 135, 130, 165, -1.63, -0.54, 0.52, 1.04, -0.02, -0.11, 24.75, 25.75, 25.50, 25.25, 25.75, 31.00, 30.25, 29.25, 24.50, 25.00, 24.50, 23.75, 27.00, 31.00, 30.00, 26.25, 24.50, 24.75, 23.25, 23.00, 28.50, 29.00, 28.75, 26.75, 24.25, 25.25, 24.75, 23.25, 25.75, 30.50, 27.00, 25.50, 25.75, 26.75, 26.00, 24.25, 23.75, 22.50, 25.00, 25.50, 26.50, 28.25, 28.25, 23.75, 24.25, 24.50, 25.50, 25.25, 27.75, 29.50, 30.25, 24.25, 25.00, 25.75, 25.00, 26.00, 26.75, 28.50, 28.00, 25.50, 26.00, 26.25, 27.00, 26.50, 
10.70, 24.80, 88, 416, 0, 0, 134, 131, 164, -1.86, -0.47, 0.76, 1.04, -0.02, -0.11, 24.25, 25.75, 25.25, 25.25, 26.00, 30.50, 29.75, 28.75, 24.50, 24.75, 24.25, 24.00, 27.50, 31.00, 29.75, 26.50, 24.50, 25.25, 23.00, 23.00, 29.25, 29.75, 28.50, 26.25, 24.50, 25.50, 24.75, 23.25, 26.75, 30.75, 26.75, 25.75, 26.25, 26.75, 26.25, 24.00, 24.25, 23.50, 25.00, 26.00, 26.50, 28.00, 27.75, 24.25, 24.25, 24.75, 25.00, 24.75, 27.75, 29.25, 30.00, 24.25, 25.25, 25.50, 25.00, 25.25, 27.00, 28.25, 27.50, 25.00, 26.00, 26.00, 26.75, 26.50,